<!DOCTYPE HTML PUBLIC "-//W3C//DTD HTML 4.0 Final//EN">
<!-- vi: sw=2:
-->
<html>
  <head>
    <title>Simple Chimera Viewer</title>
    <meta http-equiv="Content-Type" content="text/html; charset=UTF-8"/>
    <script type="text/javascript" src="http://www.cgl.ucsf.edu/chimera/webgl/PhiloGL-1.3.0.js"></script>
  </head>

  <body onload="webGLStart();">
    <div id="fallback" class="fallback"></div>
    <canvas id="molview" width="520" height="369"></canvas>

    <script>
      if (!PhiloGL.hasWebGL()) {
	document.body.className = 'no-webgl';
	document.getElementById('fallback').innerHTML = ''
	+ '<div style="margin:10px;">'
	+ 'Your web browser does not support or is not configured for WebGL.'
	+ '  See <a href="http://get.webgl.org/">WebGL Support</a>'
	+ ' for more information.'
	+ '</div>';
      }
    </script>
  </body>
</html>
<script id="default.fs" type="x-shader/x-fragment">
#ifdef GL_ES
precision highp float;
#endif

varying vec4 vColor;
varying vec2 vTexCoord;
varying vec3 lightWeighting;

uniform bool hasTexture1;
uniform sampler2D sampler1;

uniform bool enablePicking;
uniform vec3 pickColor;

uniform bool hasFog;
uniform vec3 fogColor;

uniform float fogNear;
uniform float fogFar;

void main(){
  
  if(!hasTexture1) {
    gl_FragColor = vec4(vColor.rgb * lightWeighting, vColor.a);
  } else {
    gl_FragColor = vec4(texture2D(sampler1, vec2(vTexCoord.s, vTexCoord.t)).rgb * lightWeighting, 1.0);
  }

  if(enablePicking) {
    gl_FragColor = vec4(pickColor, 1.0);
  }
  
  /* handle fog */
  if (hasFog) {
    float depth = gl_FragCoord.z / gl_FragCoord.w;
    float fogFactor = smoothstep(fogNear, fogFar, depth);
    gl_FragColor = mix(gl_FragColor, vec4(fogColor, gl_FragColor.w), fogFactor);
  }  

}
</script>
<script id="offset.vs" type="x-shader/x-vertex">
// just like default.vs.glsl expect for additional offset
#define LIGHT_MAX 8

attribute vec3 position;
attribute vec3 offset;
attribute vec3 normal;
attribute vec4 color;
attribute vec2 texCoord1;

uniform mat4 worldMatrix;
uniform mat4 viewMatrix;
uniform mat4 projectionMatrix;
uniform mat4 worldInverseTransposeMatrix;

uniform bool enableLights;
uniform vec3 ambientColor;
uniform vec3 directionalColor;
uniform vec3 lightingDirection;

uniform vec3 pointLocation[LIGHT_MAX];
uniform vec3 pointColor[LIGHT_MAX];
uniform int numberPoints;

varying vec4 vColor;
varying vec2 vTexCoord;
varying vec3 lightWeighting;

void main(void) {
  vec4 mvPosition = worldMatrix * vec4(position + offset, 1.0);
  
  if(!enableLights) {
    lightWeighting = vec3(1.0, 1.0, 1.0);
  } else {
    vec3 plightDirection;
    vec3 pointWeight = vec3(0.0, 0.0, 0.0);
    vec4 transformedNormal = worldInverseTransposeMatrix * vec4(normal, 1.0);
    float directionalLightWeighting = max(dot(transformedNormal.xyz, lightingDirection), 0.0);
    for (int i = 0; i < LIGHT_MAX; i++) {
      if (i < numberPoints) {
        plightDirection = normalize((viewMatrix * vec4(pointLocation[i], 1.0)).xyz - mvPosition.xyz);
        pointWeight += max(dot(transformedNormal.xyz, plightDirection), 0.0) * pointColor[i];
      } else {
        break;
      }
    }

    lightWeighting = ambientColor + (directionalColor * directionalLightWeighting) + pointWeight;
  }
  
  vColor = color;
  vTexCoord = texCoord1;
  gl_Position = projectionMatrix * mvPosition;
}
</script>
<script id="cylinder.vs" type="x-shader/x-vertex">
// just like default.vs.glsl expect for additional tranformation
#define LIGHT_MAX 8

attribute vec3 position;
attribute vec4 transformX, transformY, transformZ;	// 4x3 transformation
attribute float yscale;
attribute vec3 normal;
attribute vec4 color;
attribute vec2 texCoord1;

uniform mat4 worldMatrix;
uniform mat4 viewMatrix;
uniform mat4 projectionMatrix;
uniform mat4 worldInverseTransposeMatrix;

uniform bool enableLights;
uniform vec3 ambientColor;
uniform vec3 directionalColor;
uniform vec3 lightingDirection;

uniform vec3 pointLocation[LIGHT_MAX];
uniform vec3 pointColor[LIGHT_MAX];
uniform int numberPoints;

varying vec4 vColor;
varying vec2 vTexCoord;
varying vec3 lightWeighting;

void main(void) {
  vec4 pos = vec4(position * vec3(1.0, yscale, 1.0), 1.0);
  vec4 mvPosition;
  mvPosition.x = dot(pos, transformX);
  mvPosition.y = dot(pos, transformY);
  mvPosition.z = dot(pos, transformZ);
  mvPosition.w = pos.w;
  pos = worldMatrix * mvPosition;
  mvPosition = pos;
  vec3 n;
  n.x = dot(normal, vec3(transformX));
  n.y = dot(normal, vec3(transformY));
  n.z = dot(normal, vec3(transformZ));
  
  if(!enableLights) {
    lightWeighting = vec3(1.0, 1.0, 1.0);
  } else {
    vec3 plightDirection;
    vec3 pointWeight = vec3(0.0, 0.0, 0.0);
    //vec3 transformedNormal = mat3(worldInverseTransposeMatrix) * n;
    vec3 transformedNormal = vec3(worldInverseTransposeMatrix * vec4(n, 0.0));
    float directionalLightWeighting = max(dot(transformedNormal, lightingDirection), 0.0);
    for (int i = 0; i < LIGHT_MAX; i++) {
      if (i < numberPoints) {
        plightDirection = normalize((viewMatrix * vec4(pointLocation[i], 1.0)).xyz - mvPosition.xyz);
        pointWeight += max(dot(transformedNormal, plightDirection), 0.0) * pointColor[i];
      } else {
        break;
      }
    }

    lightWeighting = ambientColor + (directionalColor * directionalLightWeighting) + pointWeight;
  }
  
  vColor = color;
  vTexCoord = texCoord1;
  gl_Position = projectionMatrix * mvPosition;
}
</script>
<script id="nolight.vs" type="x-shader/x-vertex">
// just like default.vs.glsl except all lights are ignored
#define LIGHT_MAX 8

attribute vec3 position;
attribute vec3 normal;
attribute vec4 color;
attribute vec2 texCoord1;

uniform mat4 worldMatrix;
uniform mat4 viewMatrix;
uniform mat4 projectionMatrix;
uniform mat4 worldInverseTransposeMatrix;

uniform bool enableLights;
uniform vec3 ambientColor;
uniform vec3 directionalColor;
uniform vec3 lightingDirection;

uniform vec3 pointLocation[LIGHT_MAX];
uniform vec3 pointColor[LIGHT_MAX];
uniform int numberPoints;

varying vec4 vColor;
varying vec2 vTexCoord;
varying vec3 lightWeighting;

void main(void) {
  vec4 mvPosition = worldMatrix * vec4(position, 1.0);
  
  lightWeighting = vec3(1.0, 1.0, 1.0);
  
  vColor = color;
  vTexCoord = texCoord1;
  gl_Position = projectionMatrix * mvPosition;
}
</script>
<script>
var json = 
[
["bg",1.0,1.0,1.0],
["cofr",-1.024,-2.744,0.416],
["eyepos",-1.024,-2.744,165.302],
["up",0,1,0],
["persp",5.632],
["ld",0.67,0.67,0.67,0.357,-0.66,-0.66],
["ld",0.532,0.532,0.532,-0.251,-0.251,-0.935],
["s",0.2,[-3.351,-2.577,-1.099],[1.0,0.051,0.051,1]],
["s",0.2,[-2.787,-2.976,1.334],[1.0,0.051,0.051,1]],
["s",0.2,[-4.108,-3.72,-0.57],[0.824,0.706,0.549,1]],
["s",0.2,[-4.101,-3.514,0.981],[0.824,0.706,0.549,1]],
["s",0.2,[-3.363,-4.977,-0.983],[0.824,0.706,0.549,1]],
["s",0.2,[-5.498,-3.716,-1.189],[0.824,0.706,0.549,1]],
["s",0.2,[-5.126,-2.481,1.454],[0.824,0.706,0.549,1]],
["s",0.2,[-4.274,-4.811,1.759],[0.824,0.706,0.549,1]],
["s",0.2,[-2.486,-4.973,-0.591],[1.0,1.0,1.0,1]],
["s",0.2,[-3.285,-5.003,-1.939],[1.0,1.0,1.0,1]],
["s",0.2,[-3.846,-5.749,-0.68],[1.0,1.0,1.0,1]],
["s",0.2,[-5.965,-2.921,-0.922],[1.0,1.0,1.0,1]],
["s",0.2,[-5.984,-4.488,-0.889],[1.0,1.0,1.0,1]],
["s",0.2,[-5.423,-3.739,-2.146],[1.0,1.0,1.0,1]],
["s",0.2,[-5.01,-1.666,0.962],[1.0,1.0,1.0,1]],
["s",0.2,[-4.998,-2.31,2.39],[1.0,1.0,1.0,1]],
["s",0.2,[-6.012,-2.819,1.31],[1.0,1.0,1.0,1]],
["s",0.2,[-3.627,-5.454,1.458],[1.0,1.0,1.0,1]],
["s",0.2,[-5.158,-5.156,1.614],[1.0,1.0,1.0,1]],
["s",0.2,[-4.146,-4.642,2.695],[1.0,1.0,1.0,1]],
["c",0.2,0.679,[[-0.195,-0.515,0.835,-3.526],[0.515,-0.778,-0.36,-2.841],[0.835,0.36,0.417,-0.977]],[1.0,0.051,0.051,1]],
["c",0.2,0.79,[[0.851,0.515,0.104,-3.905],[-0.515,0.778,0.36,-3.412],[0.104,-0.36,0.927,-0.712]],[0.824,0.706,0.549,1]],
["c",0.2,0.676,[[-0.275,-0.898,-0.343,-3.091],[0.898,-0.368,0.241,-3.1],[-0.343,-0.241,0.908,1.253]],[1.0,0.051,0.051,1]],
["c",0.2,0.787,[[0.41,0.898,-0.159,-3.748],[-0.898,0.368,-0.241,-3.369],[-0.159,0.241,0.957,1.076]],[0.824,0.706,0.549,1]],
["c",0.2,1.565,[[1.0,0.005,-0.004,-4.105],[-0.005,0.131,-0.991,-3.617],[-0.004,0.991,0.132,0.205]],[0.824,0.706,0.549,1]],
["c",0.2,1.519,[[-0.399,0.491,0.774,-3.736],[-0.491,-0.828,0.272,-4.348],[0.774,-0.272,0.571,-0.777]],[0.824,0.706,0.549,1]],
["c",0.2,1.521,[[0.167,-0.914,-0.371,-4.803],[0.914,0.002,0.407,-3.718],[-0.371,-0.407,0.835,-0.88]],[0.824,0.706,0.549,1]],
["c",0.2,1.53,[[0.732,-0.67,0.124,-4.613],[0.67,0.675,-0.309,-2.997],[0.124,0.309,0.943,1.217]],[0.824,0.706,0.549,1]],
["c",0.2,1.523,[[0.913,-0.113,0.391,-4.187],[0.113,-0.852,-0.511,-4.163],[0.391,0.511,-0.765,1.37]],[0.824,0.706,0.549,1]],
["c",0.2,0.605,[[0.17,0.913,-0.371,-3.087],[-0.913,0.004,-0.409,-4.975],[-0.371,0.409,0.834,-0.86]],[0.824,0.706,0.549,1]],
["c",0.2,0.356,[[0.163,-0.913,-0.374,-2.649],[0.913,-0.004,0.409,-4.973],[-0.374,-0.409,0.832,-0.663]],[1.0,1.0,1.0,1]],
["c",0.2,0.604,[[0.993,0.081,0.083,-3.338],[-0.081,-0.027,0.996,-4.985],[0.083,-0.996,-0.021,-1.284]],[0.824,0.706,0.549,1]],
["c",0.2,0.355,[[0.994,-0.081,0.079,-3.299],[0.081,0.027,-0.996,-4.998],[0.079,0.996,0.034,-1.762]],[1.0,1.0,1.0,1]],
["c",0.2,0.605,[[-0.294,-0.503,0.813,-3.515],[0.503,-0.805,-0.316,-5.22],[0.813,0.316,0.489,-0.888]],[0.824,0.706,0.549,1]],
["c",0.2,0.356,[[0.86,0.503,0.088,-3.756],[-0.503,0.805,0.316,-5.606],[0.088,-0.316,0.945,-0.736]],[1.0,1.0,1.0,1]],
["c",0.2,0.604,[[0.871,-0.487,0.074,-5.645],[0.487,0.828,-0.278,-3.466],[0.074,0.278,0.958,-1.105]],[0.824,0.706,0.549,1]],
["c",0.2,0.355,[[-0.379,0.487,0.787,-5.879],[-0.487,-0.828,0.278,-3.068],[0.787,-0.278,0.551,-0.972]],[1.0,1.0,1.0,1]],
["c",0.2,0.605,[[-0.305,-0.506,0.807,-5.651],[0.506,-0.804,-0.313,-3.959],[0.807,0.313,0.501,-1.094]],[0.824,0.706,0.549,1]],
["c",0.2,0.356,[[0.858,0.506,0.088,-5.894],[-0.506,0.804,0.313,-4.345],[0.088,-0.313,0.946,-0.944]],[1.0,1.0,1.0,1]],
["c",0.2,0.605,[[0.994,0.078,0.08,-5.475],[-0.078,-0.023,0.997,-3.723],[0.08,-0.997,-0.017,-1.49]],[0.824,0.706,0.549,1]],
["c",0.2,0.356,[[0.994,-0.078,0.076,-5.437],[0.078,0.023,-0.997,-3.735],[0.076,0.997,0.029,-1.969]],[1.0,1.0,1.0,1]],
["c",0.2,0.604,[[0.992,0.121,0.034,-5.089],[-0.121,0.85,0.513,-2.224],[0.034,-0.513,0.857,1.299]],[0.824,0.706,0.549,1]],
["c",0.2,0.355,[[0.903,-0.121,0.412,-5.031],[0.121,-0.85,-0.513,-1.817],[0.412,0.513,-0.753,1.053]],[1.0,1.0,1.0,1]],
["c",0.2,0.604,[[0.985,0.133,-0.11,-5.085],[-0.133,0.178,-0.975,-2.427],[-0.11,0.975,0.193,1.749]],[0.824,0.706,0.549,1]],
["c",0.2,0.356,[[0.978,-0.133,-0.158,-5.022],[0.133,-0.178,0.975,-2.341],[-0.158,-0.975,-0.156,2.217]],[1.0,1.0,1.0,1]],
["c",0.2,0.604,[[-0.318,-0.924,-0.215,-5.405],[0.924,-0.353,0.15,-2.587],[-0.215,-0.15,0.965,1.409]],[0.824,0.706,0.549,1]],
["c",0.2,0.356,[[0.37,0.924,-0.103,-5.848],[-0.924,0.353,-0.15,-2.757],[-0.103,0.15,0.983,1.336]],[1.0,1.0,1.0,1]],
["c",0.2,0.605,[[-0.372,0.674,0.639,-4.07],[-0.674,-0.669,0.314,-5.014],[0.639,-0.314,0.703,1.665]],[0.824,0.706,0.549,1]],
["c",0.2,0.356,[[0.728,-0.674,0.127,-3.746],[0.674,0.669,-0.314,-5.335],[0.127,0.314,0.941,1.514]],[1.0,1.0,1.0,1]],
["c",0.2,0.605,[[-0.324,-0.921,-0.217,-4.552],[0.921,-0.359,0.151,-4.92],[-0.217,-0.151,0.964,1.714]],[0.824,0.706,0.549,1]],
["c",0.2,0.356,[[0.376,0.921,-0.102,-4.994],[-0.921,0.359,-0.151,-5.093],[-0.102,0.151,0.983,1.641]],[1.0,1.0,1.0,1]],
["c",0.2,0.604,[[0.985,0.134,-0.111,-4.233],[-0.134,0.177,-0.975,-4.758],[-0.111,0.975,0.192,2.054]],[0.824,0.706,0.549,1]],
["c",0.2,0.355,[[0.978,-0.134,-0.158,-4.169],[0.134,-0.177,0.975,-4.673],[-0.158,-0.975,-0.155,2.522]],[1.0,1.0,1.0,1]],
["s",0.2,[-0.188,-3.123,0.244],[1.0,0.051,0.051,1]],
["s",0.2,[-0.445,-0.551,0.585],[1.0,0.051,0.051,1]],
["s",0.2,[1.753,-2.143,1.108],[0.529,0.808,0.922,1]],
["s",0.2,[1.741,-1.165,0.008],[0.529,0.808,0.922,1]],
["s",0.2,[0.587,0.557,-1.162],[0.529,0.808,0.922,1]],
["s",0.2,[0.731,-4.014,2.17],[0.529,0.808,0.922,1]],
["s",0.2,[1.746,-4.065,3.112],[0.529,0.808,0.922,1]],
["s",0.2,[2.786,-2.177,2.041],[0.529,0.808,0.922,1]],
["s",0.2,[2.787,-3.138,3.051],[0.529,0.808,0.922,1]],
["s",0.2,[2.874,-0.928,-0.767],[0.529,0.808,0.922,1]],
["s",0.2,[2.863,0.061,-1.748],[0.529,0.808,0.922,1]],
["s",0.2,[1.704,0.813,-1.94],[0.529,0.808,0.922,1]],
["s",0.2,[1.648,1.594,-2.689],[1.0,1.0,1.0,1]],
["s",0.2,[-0.35,1.09,-1.237],[1.0,1.0,1.0,1]],
["s",0.2,[0.759,-3.076,1.196],[0.188,0.314,0.973,1]],
["s",0.2,[0.62,-0.409,-0.212],[0.188,0.314,0.973,1]],
["s",0.2,[-0.11,-4.692,2.127],[1.0,1.0,1.0,1]],
["s",0.2,[1.706,-4.828,3.881],[1.0,1.0,1.0,1]],
["s",0.2,[3.821,-3.163,3.995],[0.529,0.808,0.922,1]],
["s",0.2,[3.799,-1.214,1.951],[0.529,0.808,0.922,1]],
["s",0.2,[4.84,-1.206,2.889],[0.529,0.808,0.922,1]],
["s",0.2,[5.614,-0.471,2.82],[1.0,1.0,1.0,1]],
["s",0.2,[4.856,-2.22,3.922],[0.529,0.808,0.922,1]],
["s",0.2,[5.646,-2.24,4.643],[1.0,1.0,1.0,1]],
["s",0.2,[3.821,-3.901,4.77],[1.0,1.0,1.0,1]],
["s",0.2,[3.778,-0.486,1.168],[1.0,1.0,1.0,1]],
["s",0.2,[4.01,-1.714,-0.541],[0.529,0.808,0.922,1]],
["s",0.2,[4.003,0.292,-2.528],[0.529,0.808,0.922,1]],
["s",0.2,[5.158,-0.474,-2.32],[0.529,0.808,0.922,1]],
["s",0.2,[5.164,-1.512,-1.31],[0.529,0.808,0.922,1]],
["s",0.2,[6.033,-2.112,-1.136],[1.0,1.0,1.0,1]],
["s",0.2,[6.034,-0.292,-2.906],[1.0,1.0,1.0,1]],
["s",0.2,[3.993,1.052,-3.281],[1.0,1.0,1.0,1]],
["s",0.2,[3.998,-2.469,0.218],[1.0,1.0,1.0,1]],
["c",0.2,0.645,[[0.521,0.705,-0.482,0.039],[-0.705,0.036,-0.709,-3.112],[-0.482,0.709,0.515,0.472]],[1.0,0.051,0.051,1]],
["c",0.2,0.699,[[0.485,-0.705,-0.518,0.513],[0.705,-0.036,0.709,-3.088],[-0.518,-0.709,0.479,0.948]],[0.188,0.314,0.973,1]],
["c",0.2,0.642,[[0.427,0.796,0.429,-0.19],[-0.796,0.106,0.596,-0.517],[0.429,-0.596,0.679,0.394]],[1.0,0.051,0.051,1]],
["c",0.2,0.696,[[0.291,-0.796,0.53,0.343],[0.796,-0.106,-0.596,-0.446],[0.53,0.596,0.603,-0.005]],[0.188,0.314,0.973,1]],
["c",0.2,1.472,[[1.0,-0.008,-0.004,1.747],[0.008,0.665,0.747,-1.654],[-0.004,-0.747,0.665,0.558]],[0.529,0.808,0.922,1]],
["c",0.2,1.393,[[0.436,0.742,-0.51,2.269],[-0.742,-0.024,-0.67,-2.16],[-0.51,0.67,0.539,1.575]],[0.529,0.808,0.922,1]],
["c",0.2,0.698,[[-0.67,-0.728,0.149,1.498],[0.728,-0.683,-0.065,-2.381],[0.149,0.065,0.987,1.13]],[0.529,0.808,0.922,1]],
["c",0.2,0.668,[[0.685,0.728,0.028,1.002],[-0.728,0.683,0.065,-2.848],[0.028,-0.065,0.998,1.174]],[0.188,0.314,0.973,1]],
["c",0.2,1.393,[[0.434,0.813,0.387,2.308],[-0.813,0.17,0.556,-1.046],[0.387,-0.556,0.735,-0.379]],[0.529,0.808,0.922,1]],
["c",0.2,0.7,[[0.568,-0.818,-0.085,1.454],[0.818,0.552,0.161,-0.971],[-0.085,-0.161,0.983,-0.048]],[0.529,0.808,0.922,1]],
["c",0.2,0.669,[[-0.494,0.818,-0.294,0.894],[-0.818,-0.552,-0.161,-0.594],[-0.294,0.161,0.942,-0.158]],[0.188,0.314,0.973,1]],
["c",0.2,1.385,[[0.451,0.806,0.382,1.145],[-0.806,0.185,0.562,0.685],[0.382,-0.562,0.734,-1.551]],[0.529,0.808,0.922,1]],
["c",0.2,0.681,[[0.497,-0.867,-0.04,0.292],[0.867,0.493,0.07,0.725],[-0.04,-0.07,0.997,-1.185]],[0.529,0.808,0.922,1]],
["c",0.2,0.4,[[-0.484,0.867,-0.119,-0.177],[-0.867,-0.493,-0.07,0.991],[-0.119,0.07,0.99,-1.223]],[1.0,1.0,1.0,1]],
["c",0.2,0.693,[[0.998,0.025,-0.06,0.595],[-0.025,-0.713,-0.701,0.31],[-0.06,0.701,-0.711,-0.919]],[0.529,0.808,0.922,1]],
["c",0.2,0.662,[[1.0,-0.025,-0.01,0.612],[0.025,0.713,0.701,-0.173],[-0.01,-0.701,0.713,-0.444]],[0.188,0.314,0.973,1]],
["c",0.2,1.385,[[0.444,0.732,-0.517,1.239],[-0.732,-0.036,-0.68,-4.04],[-0.517,0.68,0.52,2.641]],[0.529,0.808,0.922,1]],
["c",0.2,0.692,[[1.0,0.02,0.009,0.738],[-0.02,0.694,0.72,-3.774],[0.009,-0.72,0.694,1.921]],[0.529,0.808,0.922,1]],
["c",0.2,0.661,[[0.999,-0.02,0.047,0.752],[0.02,-0.694,-0.72,-3.305],[0.047,0.72,-0.692,1.434]],[0.188,0.314,0.973,1]],
["c",0.2,0.681,[[-0.623,-0.778,-0.083,0.467],[0.778,-0.627,0.04,-4.228],[-0.083,-0.04,0.996,2.157]],[0.529,0.808,0.922,1]],
["c",0.2,0.4,[[0.628,0.778,-0.019,0.046],[-0.778,0.627,-0.04,-4.567],[-0.019,0.04,0.999,2.135]],[1.0,1.0,1.0,1]],
["c",0.2,1.395,[[0.666,0.746,0.02,2.266],[-0.746,0.664,0.044,-3.601],[0.02,-0.044,0.999,3.082]],[0.529,0.808,0.922,1]],
["c",0.2,0.682,[[0.996,-0.036,0.087,1.733],[0.036,-0.704,-0.709,-4.305],[0.087,0.709,-0.7,3.354]],[0.529,0.808,0.922,1]],
["c",0.2,0.401,[[0.999,0.036,0.015,1.714],[-0.036,0.704,0.709,-4.686],[0.015,-0.709,0.705,3.739]],[1.0,1.0,1.0,1]],
["c",0.2,1.394,[[1.0,0.001,-0.002,2.786],[-0.001,-0.689,-0.724,-2.657],[-0.002,0.724,-0.689,2.546]],[0.529,0.808,0.922,1]],
["c",0.2,1.4,[[0.69,0.723,0.028,3.292],[-0.723,0.687,0.064,-1.695],[0.028,-0.064,0.998,1.996]],[0.529,0.808,0.922,1]],
["c",0.2,1.4,[[0.444,0.739,-0.507,3.304],[-0.739,-0.018,-0.674,-3.15],[-0.507,0.674,0.538,3.523]],[0.529,0.808,0.922,1]],
["c",0.2,1.393,[[1.0,-0.008,-0.003,2.869],[0.008,0.71,0.704,-0.434],[-0.003,-0.704,0.71,-1.258]],[0.529,0.808,0.922,1]],
["c",0.2,1.4,[[-0.502,0.812,-0.299,3.442],[-0.812,-0.562,-0.162,-1.321],[-0.299,0.162,0.94,-0.654]],[0.529,0.808,0.922,1]],
["c",0.2,1.396,[[0.551,-0.831,-0.074,2.283],[0.831,0.539,0.137,0.437],[-0.074,-0.137,0.988,-1.844]],[0.529,0.808,0.922,1]],
["c",0.2,1.4,[[0.431,0.814,0.389,3.433],[-0.814,0.165,0.557,0.176],[0.389,-0.557,0.734,-2.138]],[0.529,0.808,0.922,1]],
["c",0.2,0.682,[[0.998,-0.051,-0.021,1.686],[0.051,0.721,0.691,1.059],[-0.021,-0.691,0.722,-2.176]],[0.529,0.808,0.922,1]],
["c",0.2,0.401,[[0.991,0.051,-0.127,1.658],[-0.051,-0.721,-0.691,1.45],[-0.127,0.691,-0.711,-2.55]],[1.0,1.0,1.0,1]],
["c",0.2,1.401,[[0.674,0.738,0.023,4.338],[-0.738,0.673,0.052,-2.692],[0.023,-0.052,0.998,3.958]],[0.529,0.808,0.922,1]],
["c",0.2,0.674,[[1.0,0.001,-0.001,3.821],[-0.001,-0.689,-0.724,-3.395],[-0.001,0.724,-0.689,4.239]],[0.529,0.808,0.922,1]],
["c",0.2,0.396,[[1.0,-0.001,-0.0,3.821],[0.001,0.689,0.724,-3.764],[-0.0,-0.724,0.689,4.626]],[1.0,1.0,1.0,1]],
["c",0.2,1.401,[[0.451,0.743,-0.495,4.319],[-0.743,0.006,-0.669,-1.21],[-0.495,0.669,0.555,2.42]],[0.529,0.808,0.922,1]],
["c",0.2,0.674,[[1.0,-0.019,-0.008,3.792],[0.019,0.681,0.732,-0.985],[-0.008,-0.732,0.681,1.705]],[0.529,0.808,0.922,1]],
["c",0.2,0.396,[[0.999,0.019,-0.045,3.782],[-0.019,-0.681,-0.732,-0.621],[-0.045,0.732,-0.679,1.313]],[1.0,1.0,1.0,1]],
["c",0.2,0.674,[[0.69,0.723,0.028,5.083],[-0.723,0.687,0.064,-0.975],[0.028,-0.064,0.998,2.868]],[0.529,0.808,0.922,1]],
["c",0.2,0.396,[[-0.674,-0.723,0.149,5.47],[0.723,-0.687,-0.064,-0.607],[0.149,0.064,0.987,2.833]],[1.0,1.0,1.0,1]],
["c",0.2,1.447,[[1.0,0.011,-0.026,4.848],[-0.011,-0.701,-0.713,-1.713],[-0.026,0.713,-0.7,3.406]],[0.529,0.808,0.922,1]],
["c",0.2,0.674,[[0.444,0.739,-0.507,5.104],[-0.739,-0.018,-0.674,-2.227],[-0.507,0.674,0.538,4.149]],[0.529,0.808,0.922,1]],
["c",0.2,0.396,[[0.464,-0.739,-0.489,5.5],[0.739,0.018,0.674,-2.236],[-0.489,-0.674,0.554,4.509]],[1.0,1.0,1.0,1]],
["c",0.2,1.401,[[0.408,0.823,0.395,4.587],[-0.823,0.145,0.549,-1.613],[0.395,-0.549,0.737,-0.925]],[0.529,0.808,0.922,1]],
["c",0.2,0.674,[[1.0,-0.012,0.029,4.006],[0.012,-0.705,-0.709,-1.952],[0.029,0.709,-0.704,-0.302]],[0.529,0.808,0.922,1]],
["c",0.2,0.396,[[1.0,0.012,0.005,4.0],[-0.012,0.705,0.709,-2.329],[0.005,-0.709,0.705,0.078]],[1.0,1.0,1.0,1]],
["c",0.2,1.401,[[-0.498,0.824,-0.27,4.581],[-0.824,-0.546,-0.148,-0.091],[-0.27,0.148,0.951,-2.424]],[0.529,0.808,0.922,1]],
["c",0.2,0.674,[[1.0,-0.01,-0.004,4.0],[0.01,0.71,0.704,0.531],[-0.004,-0.704,0.71,-2.765]],[0.529,0.808,0.922,1]],
["c",0.2,0.396,[[1.0,0.01,-0.024,3.995],[-0.01,-0.71,-0.704,0.911],[-0.024,0.704,-0.71,-3.141]],[1.0,1.0,1.0,1]],
["c",0.2,1.448,[[1.0,0.004,-0.01,5.161],[-0.004,-0.717,-0.698,-0.993],[-0.01,0.698,-0.716,-1.815]],[0.529,0.808,0.922,1]],
["c",0.2,0.674,[[0.427,0.819,0.384,5.434],[-0.819,0.17,0.548,-0.417],[0.384,-0.548,0.743,-2.504]],[0.529,0.808,0.922,1]],
["c",0.2,0.396,[[0.192,-0.819,0.541,5.872],[0.819,-0.17,-0.548,-0.326],[0.541,0.548,0.638,-2.798]],[1.0,1.0,1.0,1]],
["c",0.2,0.674,[[-0.502,0.812,-0.299,5.438],[-0.812,-0.562,-0.162,-1.701],[-0.299,0.162,0.94,-1.255]],[0.529,0.808,0.922,1]],
["c",0.2,0.396,[[0.578,-0.812,-0.084,5.872],[0.812,0.562,0.162,-2.001],[-0.084,-0.162,0.983,-1.169]],[1.0,1.0,1.0,1]],
["s",0.2,[-3.267,-0.741,-0.48],[1.0,0.051,0.051,1]],
["s",0.2,[-3.124,-1.952,1.924],[1.0,0.051,0.051,1]],
["s",0.2,[-4.838,0.982,-0.794],[0.867,0.627,0.867,1]],
["s",0.2,[-4.153,-0.075,0.013],[0.867,0.627,0.867,1]],
["s",0.2,[-4.667,-0.252,1.35],[0.867,0.627,0.867,1]],
["s",0.2,[-5.375,0.271,1.65],[1.0,1.0,1.0,1]],
["s",0.2,[-4.109,-1.191,2.178],[0.867,0.627,0.867,1]],
["s",0.2,[-4.676,-1.338,3.569],[0.867,0.627,0.867,1]],
["s",0.2,[-4.439,1.026,-1.667],[1.0,1.0,1.0,1]],
["s",0.2,[-4.741,1.831,-0.357],[1.0,1.0,1.0,1]],
["s",0.2,[-5.769,0.768,-0.877],[1.0,1.0,1.0,1]],
["s",0.2,[-4.205,-2.034,4.035],[1.0,1.0,1.0,1]],
["s",0.2,[-5.608,-1.567,3.513],[1.0,1.0,1.0,1]],
["s",0.2,[-4.58,-0.511,4.044],[1.0,1.0,1.0,1]],
["c",0.2,0.565,[[0.655,-0.731,0.192,-3.473],[0.731,0.548,-0.406,-0.586],[0.192,0.406,0.893,-0.365]],[1.0,0.051,0.051,1]],
["c",0.2,0.648,[[-0.183,0.731,0.658,-3.916],[-0.731,-0.548,0.406,-0.253],[0.658,-0.406,0.634,-0.118]],[0.867,0.627,0.867,1]],
["c",0.2,0.591,[[0.624,-0.775,0.097,-3.353],[0.775,0.599,-0.2,-1.775],[0.097,0.2,0.975,1.983]],[1.0,0.051,0.051,1]],
["c",0.2,0.679,[[-0.499,0.775,0.388,-3.846],[-0.775,-0.599,0.2,-1.395],[0.388,-0.2,0.9,2.11]],[0.867,0.627,0.867,1]],
["c",0.2,0.605,[[0.836,0.415,0.36,-4.712],[-0.415,0.046,0.909,0.996],[0.36,-0.909,0.211,-1.069]],[0.867,0.627,0.867,1]],
["c",0.2,0.356,[[0.82,-0.415,0.395,-4.513],[0.415,-0.046,-0.909,1.018],[0.395,0.909,0.134,-1.505]],[1.0,1.0,1.0,1]],
["c",0.2,0.605,[[0.995,0.1,-0.024,-4.807],[-0.1,0.884,-0.456,1.249],[-0.024,0.456,0.89,-0.656]],[0.867,0.627,0.867,1]],
["c",0.2,0.356,[[0.913,-0.1,-0.395,-4.759],[0.1,-0.884,0.456,1.673],[-0.395,-0.456,-0.798,-0.438]],[1.0,1.0,1.0,1]],
["c",0.2,0.604,[[-0.213,-0.971,-0.108,-5.131],[0.971,-0.222,0.086,0.914],[-0.108,-0.086,0.99,-0.82]],[0.867,0.627,0.867,1]],
["c",0.2,0.355,[[0.228,0.971,-0.069,-5.597],[-0.971,0.222,-0.086,0.808],[-0.069,0.086,0.994,-0.862]],[1.0,1.0,1.0,1]],
["c",0.2,1.496,[[0.877,-0.458,-0.145,-4.495],[0.458,0.707,0.54,0.453],[-0.145,-0.54,0.829,-0.39]],[0.867,0.627,0.867,1]],
["c",0.2,1.443,[[0.856,-0.356,0.376,-4.41],[0.356,-0.123,-0.926,-0.164],[0.376,0.926,0.022,0.682]],[0.867,0.627,0.867,1]],
["c",0.2,0.585,[[0.629,-0.761,0.157,-4.89],[0.761,0.563,-0.322,-0.088],[0.157,0.322,0.934,1.444]],[0.867,0.627,0.867,1]],
["c",0.2,0.344,[[-0.325,0.761,0.561,-5.243],[-0.761,-0.563,0.322,0.174],[0.561,-0.322,0.763,1.594]],[1.0,1.0,1.0,1]],
["c",0.2,1.37,[[0.474,0.407,-0.781,-4.388],[-0.407,-0.685,-0.604,-0.722],[-0.781,0.604,-0.159,1.764]],[0.867,0.627,0.867,1]],
["c",0.2,1.51,[[0.844,-0.376,0.383,-4.392],[0.376,-0.097,-0.922,-1.264],[0.383,0.922,0.059,2.874]],[0.867,0.627,0.867,1]],
["c",0.2,0.605,[[0.128,0.49,-0.862,-4.528],[-0.49,-0.725,-0.485,-1.557],[-0.862,0.485,0.147,3.716]],[0.867,0.627,0.867,1]],
["c",0.2,0.356,[[0.861,-0.49,-0.138,-4.292],[0.49,0.725,0.485,-1.905],[-0.138,-0.485,0.864,3.949]],[1.0,1.0,1.0,1]],
["c",0.2,0.605,[[-0.234,-0.969,-0.075,-4.969],[0.969,-0.239,0.059,-1.41],[-0.075,-0.059,0.995,3.552]],[0.867,0.627,0.867,1]],
["c",0.2,0.356,[[0.242,0.969,-0.046,-5.435],[-0.969,0.239,-0.059,-1.525],[-0.046,0.059,0.997,3.523]],[1.0,1.0,1.0,1]],
["c",0.2,0.603,[[0.995,0.101,-0.027,-4.646],[-0.101,0.863,-0.495,-1.077],[-0.027,0.495,0.868,3.719]],[0.867,0.627,0.867,1]],
["c",0.2,0.355,[[0.926,-0.101,-0.363,-4.597],[0.101,-0.863,0.495,-0.664],[-0.363,-0.495,-0.789,3.956]],[1.0,1.0,1.0,1]],
