<!DOCTYPE HTML PUBLIC "-//W3C//DTD HTML 4.0 Final//EN">
<!-- vi: sw=2:
-->
<html>
  <head>
    <title>Simple Chimera Viewer</title>
    <meta http-equiv="Content-Type" content="text/html; charset=UTF-8"/>
    <script type="text/javascript" src="http://www.cgl.ucsf.edu/chimera/webgl/PhiloGL-1.3.0.js"></script>
  </head>

  <body onload="webGLStart();">
    <div id="fallback" class="fallback"></div>
    <canvas id="molview" width="943" height="624"></canvas>

    <script>
      if (!PhiloGL.hasWebGL()) {
	document.body.className = 'no-webgl';
	document.getElementById('fallback').innerHTML = ''
	+ '<div style="margin:10px;">'
	+ 'Your web browser does not support or is not configured for WebGL.'
	+ '  See <a href="http://get.webgl.org/">WebGL Support</a>'
	+ ' for more information.'
	+ '</div>';
      }
    </script>
  </body>
</html>
<script id="default.fs" type="x-shader/x-fragment">
#ifdef GL_ES
precision highp float;
#endif

varying vec4 vColor;
varying vec2 vTexCoord;
varying vec3 lightWeighting;

uniform bool hasTexture1;
uniform sampler2D sampler1;

uniform bool enablePicking;
uniform vec3 pickColor;

uniform bool hasFog;
uniform vec3 fogColor;

uniform float fogNear;
uniform float fogFar;

void main(){
  
  if(!hasTexture1) {
    gl_FragColor = vec4(vColor.rgb * lightWeighting, vColor.a);
  } else {
    gl_FragColor = vec4(texture2D(sampler1, vec2(vTexCoord.s, vTexCoord.t)).rgb * lightWeighting, 1.0);
  }

  if(enablePicking) {
    gl_FragColor = vec4(pickColor, 1.0);
  }
  
  /* handle fog */
  if (hasFog) {
    float depth = gl_FragCoord.z / gl_FragCoord.w;
    float fogFactor = smoothstep(fogNear, fogFar, depth);
    gl_FragColor = mix(gl_FragColor, vec4(fogColor, gl_FragColor.w), fogFactor);
  }  

}
</script>
<script id="offset.vs" type="x-shader/x-vertex">
// just like default.vs.glsl expect for additional offset
#define LIGHT_MAX 8

attribute vec3 position;
attribute vec3 offset;
attribute vec3 normal;
attribute vec4 color;
attribute vec2 texCoord1;

uniform mat4 worldMatrix;
uniform mat4 viewMatrix;
uniform mat4 projectionMatrix;
uniform mat4 worldInverseTransposeMatrix;

uniform bool enableLights;
uniform vec3 ambientColor;
uniform vec3 directionalColor;
uniform vec3 lightingDirection;

uniform vec3 pointLocation[LIGHT_MAX];
uniform vec3 pointColor[LIGHT_MAX];
uniform int numberPoints;

varying vec4 vColor;
varying vec2 vTexCoord;
varying vec3 lightWeighting;

void main(void) {
  vec4 mvPosition = worldMatrix * vec4(position + offset, 1.0);
  
  if(!enableLights) {
    lightWeighting = vec3(1.0, 1.0, 1.0);
  } else {
    vec3 plightDirection;
    vec3 pointWeight = vec3(0.0, 0.0, 0.0);
    vec4 transformedNormal = worldInverseTransposeMatrix * vec4(normal, 1.0);
    float directionalLightWeighting = max(dot(transformedNormal.xyz, lightingDirection), 0.0);
    for (int i = 0; i < LIGHT_MAX; i++) {
      if (i < numberPoints) {
        plightDirection = normalize((viewMatrix * vec4(pointLocation[i], 1.0)).xyz - mvPosition.xyz);
        pointWeight += max(dot(transformedNormal.xyz, plightDirection), 0.0) * pointColor[i];
      } else {
        break;
      }
    }

    lightWeighting = ambientColor + (directionalColor * directionalLightWeighting) + pointWeight;
  }
  
  vColor = color;
  vTexCoord = texCoord1;
  gl_Position = projectionMatrix * mvPosition;
}
</script>
<script id="cylinder.vs" type="x-shader/x-vertex">
// just like default.vs.glsl expect for additional tranformation
#define LIGHT_MAX 8

attribute vec3 position;
attribute vec4 transformX, transformY, transformZ;	// 4x3 transformation
attribute float yscale;
attribute vec3 normal;
attribute vec4 color;
attribute vec2 texCoord1;

uniform mat4 worldMatrix;
uniform mat4 viewMatrix;
uniform mat4 projectionMatrix;
uniform mat4 worldInverseTransposeMatrix;

uniform bool enableLights;
uniform vec3 ambientColor;
uniform vec3 directionalColor;
uniform vec3 lightingDirection;

uniform vec3 pointLocation[LIGHT_MAX];
uniform vec3 pointColor[LIGHT_MAX];
uniform int numberPoints;

varying vec4 vColor;
varying vec2 vTexCoord;
varying vec3 lightWeighting;

void main(void) {
  vec4 pos = vec4(position * vec3(1.0, yscale, 1.0), 1.0);
  vec4 mvPosition;
  mvPosition.x = dot(pos, transformX);
  mvPosition.y = dot(pos, transformY);
  mvPosition.z = dot(pos, transformZ);
  mvPosition.w = pos.w;
  pos = worldMatrix * mvPosition;
  mvPosition = pos;
  vec3 n;
  n.x = dot(normal, vec3(transformX));
  n.y = dot(normal, vec3(transformY));
  n.z = dot(normal, vec3(transformZ));
  
  if(!enableLights) {
    lightWeighting = vec3(1.0, 1.0, 1.0);
  } else {
    vec3 plightDirection;
    vec3 pointWeight = vec3(0.0, 0.0, 0.0);
    //vec3 transformedNormal = mat3(worldInverseTransposeMatrix) * n;
    vec3 transformedNormal = vec3(worldInverseTransposeMatrix * vec4(n, 0.0));
    float directionalLightWeighting = max(dot(transformedNormal, lightingDirection), 0.0);
    for (int i = 0; i < LIGHT_MAX; i++) {
      if (i < numberPoints) {
        plightDirection = normalize((viewMatrix * vec4(pointLocation[i], 1.0)).xyz - mvPosition.xyz);
        pointWeight += max(dot(transformedNormal, plightDirection), 0.0) * pointColor[i];
      } else {
        break;
      }
    }

    lightWeighting = ambientColor + (directionalColor * directionalLightWeighting) + pointWeight;
  }
  
  vColor = color;
  vTexCoord = texCoord1;
  gl_Position = projectionMatrix * mvPosition;
}
</script>
<script id="nolight.vs" type="x-shader/x-vertex">
// just like default.vs.glsl except all lights are ignored
#define LIGHT_MAX 8

attribute vec3 position;
attribute vec3 normal;
attribute vec4 color;
attribute vec2 texCoord1;

uniform mat4 worldMatrix;
uniform mat4 viewMatrix;
uniform mat4 projectionMatrix;
uniform mat4 worldInverseTransposeMatrix;

uniform bool enableLights;
uniform vec3 ambientColor;
uniform vec3 directionalColor;
uniform vec3 lightingDirection;

uniform vec3 pointLocation[LIGHT_MAX];
uniform vec3 pointColor[LIGHT_MAX];
uniform int numberPoints;

varying vec4 vColor;
varying vec2 vTexCoord;
varying vec3 lightWeighting;

void main(void) {
  vec4 mvPosition = worldMatrix * vec4(position, 1.0);
  
  lightWeighting = vec3(1.0, 1.0, 1.0);
  
  vColor = color;
  vTexCoord = texCoord1;
  gl_Position = projectionMatrix * mvPosition;
}
</script>
<script>
var json = 
[
["bg",1.0,1.0,1.0],
["cofr",31.641,-20.921,0.615],
["eyepos",31.641,-20.921,647.088],
["up",0,1,0],
["persp",5.252],
["ld",0.67,0.67,0.67,0.357,-0.66,-0.66],
["ld",0.532,0.532,0.532,-0.251,-0.251,-0.935],
["s",0.2,[-1.079,1.813,-1.364],[1.0,0.502,0.0,1]],
["s",0.2,[-1.477,0.18,1.422],[1.0,0.502,0.0,1]],
["s",0.2,[0.38,2.959,-1.741],[0.824,0.706,0.549,1]],
["s",0.2,[-0.154,1.981,2.985],[0.824,0.706,0.549,1]],
["s",0.2,[-1.197,2.715,2.398],[0.824,0.706,0.549,1]],
["s",0.2,[-0.017,0.549,2.519],[0.824,0.706,0.549,1]],
["s",0.2,[0.908,0.398,1.936],[1.0,1.0,1.0,1]],
["s",0.2,[0.034,-0.166,3.358],[1.0,1.0,1.0,1]],
["s",0.2,[-3.612,2.496,-2.009],[0.824,0.706,0.549,1]],
["s",0.2,[-2.326,2.122,-2.708],[0.824,0.706,0.549,1]],
["s",0.2,[-2.437,1.214,-3.32],[1.0,1.0,1.0,1]],
["s",0.2,[-1.99,2.928,-3.385],[1.0,1.0,1.0,1]],
["s",0.2,[-4.851,2.598,-2.657],[0.824,0.706,0.549,1]],
["s",0.2,[-4.923,2.373,-3.727],[1.0,1.0,1.0,1]],
["s",0.2,[-2.072,1.979,1.392],[0.824,0.706,0.549,1]],
["s",0.2,[-3.104,1.971,1.774],[1.0,1.0,1.0,1]],
["s",0.2,[-3.511,2.765,-0.633],[0.824,0.706,0.549,1]],
["s",0.2,[-2.117,2.655,-0.02],[0.824,0.706,0.549,1]],
["s",0.2,[-1.725,3.679,0.106],[1.0,1.0,1.0,1]],
["s",0.2,[-2.719,-0.718,2.533],[0.824,0.706,0.549,1]],
["s",0.2,[0.687,2.589,3.928],[0.824,0.706,0.549,1]],
["s",0.2,[1.502,2.014,4.381],[1.0,1.0,1.0,1]],
["s",0.2,[-1.393,4.056,2.766],[0.824,0.706,0.549,1]],
["s",0.2,[-2.209,4.636,2.32],[1.0,1.0,1.0,1]],
["s",0.2,[0.487,3.924,4.29],[0.824,0.706,0.549,1]],
["s",0.2,[1.145,4.394,5.027],[1.0,1.0,1.0,1]],
["s",0.2,[-5.89,3.266,-0.575],[0.824,0.706,0.549,1]],
["s",0.2,[-6.778,3.572,-0.013],[1.0,1.0,1.0,1]],
["s",0.2,[-4.658,3.157,0.076],[0.824,0.706,0.549,1]],
["s",0.2,[-4.597,3.388,1.144],[1.0,1.0,1.0,1]],
["s",0.2,[-0.555,4.658,3.709],[0.824,0.706,0.549,1]],
["s",0.2,[-0.717,5.702,3.996],[1.0,1.0,1.0,1]],
["s",0.2,[-5.989,2.98,-1.942],[0.824,0.706,0.549,1]],
["s",0.2,[-6.955,3.053,-2.451],[1.0,1.0,1.0,1]],
["s",0.2,[-0.018,4.424,-1.992],[0.824,0.706,0.549,1]],
["s",0.2,[-0.707,4.536,-2.847],[1.0,1.0,1.0,1]],
["s",0.2,[-0.489,4.889,-1.108],[1.0,1.0,1.0,1]],
["s",0.2,[0.888,5.016,-2.224],[1.0,1.0,1.0,1]],
["s",0.2,[1.352,2.886,-0.546],[0.824,0.706,0.549,1]],
["s",0.2,[2.257,3.485,-0.764],[1.0,1.0,1.0,1]],
["s",0.2,[0.904,3.291,0.38],[1.0,1.0,1.0,1]],
["s",0.2,[1.677,1.849,-0.348],[1.0,1.0,1.0,1]],
["s",0.2,[1.068,2.379,-2.996],[0.824,0.706,0.549,1]],
["s",0.2,[1.372,1.328,-2.845],[1.0,1.0,1.0,1]],
["s",0.2,[0.411,2.421,-3.884],[1.0,1.0,1.0,1]],
["s",0.2,[1.976,2.966,-3.228],[1.0,1.0,1.0,1]],
["s",0.2,[-4.046,-0.812,1.751],[0.824,0.706,0.549,1]],
["s",0.2,[-4.777,-1.41,2.329],[1.0,1.0,1.0,1]],
["s",0.2,[-4.499,0.18,1.573],[1.0,1.0,1.0,1]],
["s",0.2,[-3.908,-1.301,0.771],[1.0,1.0,1.0,1]],
["s",0.2,[-2.169,-2.142,2.757],[0.824,0.706,0.549,1]],
["s",0.2,[-2.894,-2.732,3.35],[1.0,1.0,1.0,1]],
["s",0.2,[-2.004,-2.671,1.802],[1.0,1.0,1.0,1]],
["s",0.2,[-1.214,-2.141,3.313],[1.0,1.0,1.0,1]],
["s",0.2,[-2.953,-0.032,3.891],[0.824,0.706,0.549,1]],
["s",0.2,[-2.028,0.041,4.489],[1.0,1.0,1.0,1]],
["s",0.2,[-3.366,0.987,3.783],[1.0,1.0,1.0,1]],
["s",0.2,[-3.68,-0.621,4.482],[1.0,1.0,1.0,1]],
["c",0.2,1.046,[[0.63,0.771,0.096,-0.676],[-0.771,0.605,0.199,2.129],[0.096,-0.199,0.975,-1.468]],[1.0,0.502,0.0,1]],
["c",0.2,0.847,[[-0.505,-0.771,0.389,0.054],[0.771,-0.605,-0.199,2.702],[0.389,0.199,0.9,-1.656]],[0.824,0.706,0.549,1]],
["c",0.2,1.028,[[0.615,-0.67,-0.416,-1.423],[0.67,0.166,0.723,1.898],[-0.416,-0.723,0.552,-1.735]],[1.0,0.502,0.0,1]],
["c",0.2,0.832,[[0.461,0.67,-0.581,-2.047],[-0.67,-0.166,-0.723,2.053],[-0.581,0.723,0.373,-2.408]],[0.824,0.706,0.549,1]],
["c",0.2,1.047,[[0.792,-0.548,0.269,-1.365],[0.548,0.445,-0.709,2.045],[0.269,0.709,0.652,-0.992]],[1.0,0.502,0.0,1]],
["c",0.2,0.848,[[0.46,0.548,0.699,-1.884],[-0.548,-0.445,0.709,2.467],[0.699,-0.709,0.095,-0.32]],[0.824,0.706,0.549,1]],
["c",0.2,1.03,[[0.487,0.784,-0.385,-1.074],[-0.784,0.198,-0.589,0.282],[-0.385,0.589,0.71,1.725]],[1.0,0.502,0.0,1]],
["c",0.2,0.834,[[0.234,-0.784,-0.575,-0.343],[0.784,-0.198,0.589,0.466],[-0.575,-0.589,0.568,2.274]],[0.824,0.706,0.549,1]],
["c",0.2,1.048,[[0.949,-0.314,-0.002,-1.642],[0.314,0.949,0.015,0.677],[-0.002,-0.015,1.0,1.413]],[1.0,0.502,0.0,1]],
["c",0.2,0.848,[[-0.945,0.314,-0.096,-1.939],[-0.314,-0.949,-0.015,1.577],[-0.096,0.015,0.995,1.399]],[0.824,0.706,0.549,1]],
["c",0.2,1.046,[[0.181,-0.656,0.733,-1.82],[0.656,-0.474,-0.587,-0.068],[0.733,0.587,0.344,1.729]],[1.0,0.502,0.0,1]],
["c",0.2,0.847,[[0.708,0.656,0.261,-2.441],[-0.656,0.474,0.587,-0.517],[0.261,-0.587,0.766,2.284]],[0.824,0.706,0.549,1]],
["c",0.2,1.539,[[0.966,-0.259,-0.022,0.181],[0.259,0.952,0.163,3.691],[-0.022,-0.163,0.986,-1.866]],[0.824,0.706,0.549,1]],
["c",0.2,1.542,[[0.583,0.63,-0.512,0.866],[-0.63,-0.047,-0.775,2.923],[-0.512,0.775,0.37,-1.143]],[0.824,0.706,0.549,1]],
["c",0.2,1.544,[[0.683,0.445,0.579,0.724],[-0.445,-0.375,0.813,2.669],[0.579,-0.813,-0.058,-2.368]],[0.824,0.706,0.549,1]],
["c",0.2,1.404,[[0.638,-0.743,-0.204,-0.676],[0.743,0.523,0.418,2.348],[-0.204,-0.418,0.885,2.692]],[0.824,0.706,0.549,1]],
["c",0.2,1.512,[[0.844,0.091,0.528,-0.085],[-0.091,-0.947,0.308,1.265],[0.528,-0.308,-0.791,2.752]],[0.824,0.706,0.549,1]],
["c",0.2,1.403,[[0.749,0.6,-0.281,0.267],[-0.6,0.433,-0.672,2.285],[-0.281,0.672,0.685,3.457]],[0.824,0.706,0.549,1]],
["c",0.2,1.523,[[0.361,-0.575,-0.735,-1.635],[0.575,-0.483,0.66,2.347],[-0.735,-0.66,0.156,1.895]],[0.824,0.706,0.549,1]],
["c",0.2,1.404,[[0.99,-0.139,0.019,-1.295],[0.139,0.955,-0.262,3.386],[0.019,0.262,0.965,2.582]],[0.824,0.706,0.549,1]],
["c",0.2,0.695,[[0.187,0.838,0.513,0.274],[-0.838,-0.136,0.528,0.501],[0.513,-0.528,0.677,2.336]],[0.824,0.706,0.549,1]],
["c",0.2,0.409,[[0.382,-0.838,0.39,0.737],[0.838,0.136,-0.528,0.426],[0.39,0.528,0.754,2.044]],[1.0,1.0,1.0,1]],
["c",0.2,0.695,[[0.994,0.046,-0.1,-0.001],[-0.046,-0.648,-0.76,0.324],[-0.1,0.76,-0.642,2.783]],[0.824,0.706,0.549,1]],
["c",0.2,0.409,[[0.999,-0.046,-0.021,0.025],[0.046,0.648,0.76,-0.034],[-0.021,-0.76,0.649,3.203]],[1.0,1.0,1.0,1]],
["c",0.2,1.512,[[0.037,0.851,0.523,-2.969],[-0.851,-0.247,0.463,2.309],[0.523,-0.463,0.716,-2.359]],[0.824,0.706,0.549,1]],
["c",0.2,1.402,[[0.272,-0.884,-0.381,-4.232],[0.884,0.073,0.462,2.547],[-0.381,-0.462,0.801,-2.333]],[0.824,0.706,0.549,1]],
["c",0.2,1.406,[[0.996,0.072,-0.059,-3.562],[-0.072,0.191,-0.979,2.63],[-0.059,0.979,0.196,-1.321]],[0.824,0.706,0.549,1]],
["c",0.2,0.693,[[0.942,-0.101,-0.321,-2.361],[0.101,-0.825,0.556,1.836],[-0.321,-0.556,-0.766,-2.901]],[0.824,0.706,0.549,1]],
["c",0.2,0.408,[[0.994,0.101,-0.031,-2.416],[-0.101,0.825,-0.556,1.382],[-0.031,0.556,0.83,-3.207]],[1.0,1.0,1.0,1]],
["c",0.2,0.696,[[0.947,0.304,0.107,-2.22],[-0.304,0.73,0.612,2.376],[0.107,-0.612,0.783,-2.921]],[0.824,0.706,0.549,1]],
["c",0.2,0.409,[[0.659,-0.304,0.688,-2.052],[0.304,-0.73,-0.612,2.779],[0.688,0.612,-0.389,-3.259]],[1.0,1.0,1.0,1]],
["c",0.2,0.69,[[0.995,-0.066,-0.081,-4.874],[0.066,-0.205,0.977,2.527],[-0.081,-0.977,-0.199,-2.994]],[0.824,0.706,0.549,1]],
["c",0.2,0.406,[[0.996,0.066,-0.053,-4.91],[-0.066,0.205,-0.977,2.415],[-0.053,0.977,0.208,-3.529]],[1.0,1.0,1.0,1]],
["c",0.2,1.397,[[0.479,-0.814,0.327,-5.42],[0.814,0.274,-0.512,2.789],[0.327,0.512,0.794,-2.3]],[0.824,0.706,0.549,1]],
["c",0.2,0.693,[[0.113,-0.938,0.328,-2.397],[0.938,-0.008,-0.347,1.977],[0.328,0.347,0.879,1.512]],[0.824,0.706,0.549,1]],
["c",0.2,0.407,[[0.127,0.938,0.323,-2.913],[-0.938,0.008,0.347,1.972],[0.323,-0.347,0.881,1.703]],[1.0,1.0,1.0,1]],
["c",0.2,1.566,[[0.999,-0.028,-0.018,-2.094],[0.028,0.432,0.902,2.317],[-0.018,-0.902,0.432,0.686]],[0.824,0.706,0.549,1]],
["c",0.2,1.527,[[0.102,0.913,-0.395,-2.814],[-0.913,-0.072,-0.401,2.71],[-0.395,0.401,0.826,-0.326]],[0.824,0.706,0.549,1]],
["c",0.2,1.404,[[0.479,-0.817,0.322,-4.084],[0.817,0.28,-0.505,2.961],[0.322,0.505,0.801,-0.279]],[0.824,0.706,0.549,1]],
["c",0.2,0.695,[[0.935,0.355,-0.021,-1.993],[-0.355,0.928,-0.114,2.978],[-0.021,0.114,0.993,0.02]],[0.824,0.706,0.549,1]],
["c",0.2,0.409,[[-0.747,-0.355,-0.562,-1.798],[0.355,-0.928,0.114,3.489],[-0.562,-0.114,0.819,0.083]],[1.0,1.0,1.0,1]],
["c",0.2,1.543,[[0.213,-0.86,-0.464,-3.383],[0.86,-0.061,0.507,-0.765],[-0.464,-0.507,0.727,2.142]],[0.824,0.706,0.549,1]],
["c",0.2,1.543,[[-0.649,0.356,-0.672,-2.444],[-0.356,-0.923,-0.145,-1.43],[-0.672,0.145,0.726,2.645]],[0.824,0.706,0.549,1]],
["c",0.2,1.539,[[0.984,-0.152,0.093,-2.836],[0.152,0.446,-0.882,-0.375],[0.093,0.882,0.462,3.212]],[0.824,0.706,0.549,1]],
["c",0.2,0.689,[[-0.166,0.744,-0.647,0.944],[-0.744,-0.525,-0.413,2.408],[-0.647,0.413,0.64,4.071]],[0.824,0.706,0.549,1]],
["c",0.2,0.406,[[0.637,-0.744,-0.201,1.351],[0.744,0.525,0.413,2.12],[-0.201,-0.413,0.888,4.297]],[1.0,1.0,1.0,1]],
["c",0.2,1.397,[[0.989,-0.143,0.019,0.587],[0.143,0.955,-0.259,3.256],[0.019,0.259,0.966,4.109]],[0.824,0.706,0.549,1]],
["c",0.2,0.69,[[0.637,-0.745,-0.198,-1.65],[0.745,0.529,0.407,4.239],[-0.198,-0.407,0.892,2.625]],[0.824,0.706,0.549,1]],
["c",0.2,0.406,[[-0.177,0.745,-0.643,-2.058],[-0.745,-0.529,-0.407,4.528],[-0.643,0.407,0.648,2.402]],[1.0,1.0,1.0,1]],
["c",0.2,1.398,[[0.749,0.599,-0.283,-0.974],[-0.599,0.431,-0.675,4.357],[-0.283,0.675,0.682,3.237]],[0.824,0.706,0.549,1]],
["c",0.2,0.689,[[0.747,0.601,-0.284,0.694],[-0.601,0.429,-0.674,4.072],[-0.284,0.674,0.682,4.522]],[0.824,0.706,0.549,1]],
["c",0.2,0.405,[[0.366,-0.601,-0.71,1.024],[0.601,-0.429,0.674,4.307],[-0.71,-0.674,0.205,4.891]],[1.0,1.0,1.0,1]],
["c",0.2,1.401,[[0.637,-0.744,-0.202,-0.034],[0.744,0.524,0.415,4.291],[-0.202,-0.415,0.887,3.999]],[0.824,0.706,0.549,1]],
["c",0.2,0.689,[[0.486,-0.811,0.326,-6.169],[0.811,0.28,-0.514,3.363],[0.326,0.514,0.794,-0.398]],[0.824,0.706,0.549,1]],
["c",0.2,0.406,[[0.086,0.811,0.578,-6.613],[-0.811,-0.28,0.514,3.516],[0.578,-0.514,0.634,-0.117]],[1.0,1.0,1.0,1]],
["c",0.2,1.398,[[0.157,0.881,-0.445,-5.274],[-0.881,-0.078,-0.466,3.212],[-0.445,0.466,0.765,-0.25]],[0.824,0.706,0.549,1]],
["c",0.2,1.4,[[0.994,-0.071,-0.087,-5.939],[0.071,-0.204,0.976,3.123],[-0.087,-0.976,-0.198,-1.259]],[0.824,0.706,0.549,1]],
["c",0.2,0.689,[[0.997,0.055,-0.045,-4.639],[-0.055,0.211,-0.976,3.23],[-0.045,0.976,0.213,0.412]],[0.824,0.706,0.549,1]],
["c",0.2,0.406,[[0.996,-0.055,-0.068,-4.608],[0.055,-0.211,0.976,3.345],[-0.068,-0.976,-0.207,0.947]],[1.0,1.0,1.0,1]],
["c",0.2,0.689,[[0.989,-0.147,0.02,-0.606],[0.147,0.954,-0.262,4.986],[0.02,0.262,0.965,3.799]],[0.824,0.706,0.549,1]],
["c",0.2,0.405,[[0.531,0.147,0.834,-0.687],[-0.147,-0.954,0.262,5.508],[0.834,-0.262,-0.485,3.943]],[1.0,1.0,1.0,1]],
["c",0.2,0.689,[[0.269,-0.883,-0.385,-6.293],[0.883,0.066,0.465,3.003],[-0.385,-0.465,0.797,-2.102]],[0.824,0.706,0.549,1]],
["c",0.2,0.405,[[0.165,0.883,-0.439,-6.776],[-0.883,-0.066,-0.465,3.039],[-0.439,0.465,0.769,-2.357]],[1.0,1.0,1.0,1]],
["c",0.2,0.695,[[0.646,-0.624,-0.439,-0.235],[0.624,0.102,0.774,4.459],[-0.439,-0.774,0.456,-2.261]],[0.824,0.706,0.549,1]],
["c",0.2,0.409,[[0.566,0.624,-0.538,-0.579],[-0.624,-0.102,-0.774,4.515],[-0.538,0.774,0.332,-2.689]],[1.0,1.0,1.0,1]],
["c",0.2,0.695,[[0.872,-0.427,0.24,-0.166],[0.427,0.422,-0.8,4.57],[0.24,0.8,0.55,-1.714]],[0.824,0.706,0.549,1]],
["c",0.2,0.409,[[0.685,0.427,0.59,-0.402],[-0.427,-0.422,0.8,4.803],[0.59,-0.8,-0.107,-1.272]],[1.0,1.0,1.0,1]],
["c",0.2,0.697,[[0.564,0.818,0.112,0.268],[-0.818,0.535,0.209,4.61],[0.112,-0.209,0.971,-2.065]],[0.824,0.706,0.549,1]],
["c",0.2,0.41,[[-0.441,-0.818,0.369,0.721],[0.818,-0.535,-0.209,4.907],[0.369,0.209,0.906,-2.181]],[1.0,1.0,1.0,1]],
["c",0.2,0.697,[[0.566,0.818,0.105,1.637],[-0.818,0.541,0.197,3.075],[0.105,-0.197,0.975,-0.614]],[0.824,0.706,0.549,1]],
["c",0.2,0.41,[[-0.456,-0.818,0.351,2.089],[0.818,-0.541,-0.197,3.374],[0.351,0.197,0.915,-0.723]],[1.0,1.0,1.0,1]],
["c",0.2,0.696,[[0.88,-0.406,0.249,1.211],[0.406,0.366,-0.837,3.014],[0.249,0.837,0.487,-0.254]],[0.824,0.706,0.549,1]],
["c",0.2,0.409,[[0.74,0.406,0.536,0.987],[-0.406,-0.366,0.837,3.216],[0.536,-0.837,-0.107,0.208]],[1.0,1.0,1.0,1]],
["c",0.2,0.695,[[-0.416,0.294,-0.861,1.454],[-0.294,-0.939,-0.178,2.56],[-0.861,0.178,0.477,-0.483]],[0.824,0.706,0.549,1]],
["c",0.2,0.409,[[0.956,-0.294,-0.027,1.617],[0.294,0.939,0.178,2.041],[-0.027,-0.178,0.984,-0.385]],[1.0,1.0,1.0,1]],
["c",0.2,0.695,[[-0.563,0.275,-0.779,1.163],[-0.275,-0.952,-0.137,2.048],[-0.779,0.137,0.612,-2.948]],[0.824,0.706,0.549,1]],
["c",0.2,0.409,[[0.961,-0.275,-0.019,1.315],[0.275,0.952,0.137,1.523],[-0.019,-0.137,0.99,-2.873]],[1.0,1.0,1.0,1]],
["c",0.2,0.696,[[0.66,-0.594,-0.46,0.861],[0.594,0.038,0.804,2.392],[-0.46,-0.804,0.378,-3.276]],[0.824,0.706,0.549,1]],
["c",0.2,0.409,[[0.634,0.594,-0.496,0.533],[-0.594,-0.038,-0.804,2.413],[-0.496,0.804,0.329,-3.72]],[1.0,1.0,1.0,1]],
["c",0.2,0.697,[[0.559,0.821,0.112,1.354],[-0.821,0.531,0.21,2.564],[0.112,-0.21,0.971,-3.069]],[0.824,0.706,0.549,1]],
["c",0.2,0.41,[[-0.437,-0.821,0.367,1.808],[0.821,-0.531,-0.21,2.858],[0.367,0.21,0.906,-3.185]],[1.0,1.0,1.0,1]],
["c",0.2,0.697,[[0.052,-0.66,0.749,-4.276],[0.66,-0.54,-0.522,-1.0],[0.749,0.522,0.407,1.933]],[0.824,0.706,0.549,1]],
["c",0.2,0.41,[[0.717,0.66,0.224,-4.642],[-0.66,0.54,0.522,-1.299],[0.224,-0.522,0.823,2.222]],[1.0,1.0,1.0,1]],
["c",0.2,0.696,[[0.912,-0.41,-0.035,-4.189],[0.41,0.898,0.161,-0.5],[-0.035,-0.161,0.986,1.695]],[0.824,0.706,0.549,1]],
["c",0.2,0.409,[[-0.643,0.41,-0.647,-4.415],[-0.41,-0.898,-0.161,-0.003],[-0.647,0.161,0.745,1.606]],[1.0,1.0,1.0,1]],
["c",0.2,0.695,[[0.972,0.126,0.2,-4.003],[-0.126,-0.443,0.888,-0.966],[0.2,-0.888,-0.415,1.443]],[0.824,0.706,0.549,1]],
["c",0.2,0.409,[[0.989,-0.126,0.077,-3.933],[0.126,0.443,-0.888,-1.211],[0.077,0.888,0.454,0.953]],[1.0,1.0,1.0,1]],
["c",0.2,0.697,[[0.082,-0.655,0.751,-2.397],[0.655,-0.533,-0.536,-2.328],[0.751,0.536,0.386,2.944]],[0.824,0.706,0.549,1]],
["c",0.2,0.41,[[0.72,0.655,0.229,-2.76],[-0.655,0.533,0.536,-2.623],[0.229,-0.536,0.813,3.24]],[1.0,1.0,1.0,1]],
["c",0.2,0.695,[[0.957,0.15,0.248,-2.117],[-0.15,-0.479,0.865,-2.309],[0.248,-0.865,-0.436,2.457]],[0.824,0.706,0.549,1]],
["c",0.2,0.409,[[0.985,-0.15,0.088,-2.035],[0.15,0.479,-0.865,-2.573],[0.088,0.865,0.494,1.979]],[1.0,1.0,1.0,1]],
["c",0.2,0.696,[[0.254,0.864,-0.434,-1.868],[-0.864,0.001,-0.503,-2.142],[-0.434,0.503,0.748,2.932]],[0.824,0.706,0.549,1]],
["c",0.2,0.409,[[0.252,-0.864,-0.435,-1.391],[0.864,-0.001,0.503,-2.141],[-0.435,-0.503,0.747,3.21]],[1.0,1.0,1.0,1]],
["c",0.2,0.695,[[0.342,0.837,-0.426,-2.662],[-0.837,0.066,-0.542,-0.009],[-0.426,0.542,0.724,4.079]],[0.824,0.706,0.549,1]],
["c",0.2,0.409,[[0.249,-0.837,-0.487,-2.2],[0.837,-0.066,0.542,0.028],[-0.487,-0.542,0.685,4.379]],[1.0,1.0,1.0,1]],
["c",0.2,0.695,[[0.927,-0.374,-0.019,-3.083],[0.374,0.922,0.097,0.289],[-0.019,-0.097,0.995,3.857]],[0.824,0.706,0.549,1]],
["c",0.2,0.409,[[-0.8,0.374,-0.468,-3.29],[-0.374,-0.922,-0.097,0.798],[-0.468,0.097,0.878,3.803]],[1.0,1.0,1.0,1]],
["c",0.2,0.697,[[0.077,-0.657,0.75,-3.182],[0.657,-0.532,-0.534,-0.218],[0.75,0.534,0.391,4.077]],[0.824,0.706,0.549,1]],
["c",0.2,0.41,[[0.718,0.657,0.229,-3.546],[-0.657,0.532,0.534,-0.512],[0.229,-0.534,0.814,4.372]],[1.0,1.0,1.0,1]],
["s",0.2,[7.754,1.727,-0.75],[1.0,0.502,0.0,1]],
["s",0.2,[7.354,0.089,2.044],[1.0,0.502,0.0,1]],
["s",0.2,[7.432,3.499,-1.11],[0.529,0.808,0.922,1]],
["s",0.2,[8.752,1.114,-2.224],[0.529,0.808,0.922,1]],
["s",0.2,[8.061,-1.522,2.548],[0.529,0.808,0.922,1]],
["s",0.2,[6.404,0.969,3.417],[0.529,0.808,0.922,1]],
["s",0.2,[8.851,1.175,1.844],[0.529,0.808,0.922,1]],
["s",0.2,[9.01,1.916,0.618],[0.529,0.808,0.922,1]],
["s",0.2,[9.988,2.773,0.464],[0.188,0.314,0.973,1]],
["s",0.2,[9.694,1.322,2.838],[0.188,0.314,0.973,1]],
["s",0.2,[10.729,2.185,2.677],[0.529,0.808,0.922,1]],
["s",0.2,[10.874,2.923,1.48],[0.529,0.808,0.922,1]],
["s",0.2,[11.951,3.832,1.345],[0.529,0.808,0.922,1]],
["s",0.2,[12.036,4.387,0.418],[1.0,1.0,1.0,1]],
["s",0.2,[11.665,2.36,3.724],[0.529,0.808,0.922,1]],
["s",0.2,[12.843,3.982,2.37],[0.529,0.808,0.922,1]],
["s",0.2,[13.671,4.674,2.271],[1.0,1.0,1.0,1]],
["s",0.2,[12.699,3.24,3.568],[0.529,0.808,0.922,1]],
["s",0.2,[11.53,1.783,4.631],[1.0,1.0,1.0,1]],
["s",0.2,[13.42,3.375,4.366],[1.0,1.0,1.0,1]],
["s",0.2,[8.363,4.062,-1.185],[1.0,1.0,1.0,1]],
["s",0.2,[6.823,3.916,-0.305],[1.0,1.0,1.0,1]],
["s",0.2,[6.868,3.579,-2.04],[1.0,1.0,1.0,1]],
["s",0.2,[9.362,-0.238,-1.831],[0.529,0.808,0.922,1]],
["s",0.2,[9.913,-0.647,-2.684],[1.0,1.0,1.0,1]],
["s",0.2,[8.586,-0.96,-1.561],[1.0,1.0,1.0,1]],
["s",0.2,[10.068,-0.138,-1.0],[1.0,1.0,1.0,1]],
["s",0.2,[7.743,0.889,-3.361],[0.529,0.808,0.922,1]],
["s",0.2,[6.971,0.175,-3.066],[1.0,1.0,1.0,1]],
["s",0.2,[8.271,0.486,-4.231],[1.0,1.0,1.0,1]],
["s",0.2,[7.262,1.822,-3.672],[1.0,1.0,1.0,1]],
["s",0.2,[9.846,2.082,-2.682],[0.529,0.808,0.922,1]],
["s",0.2,[9.427,3.033,-3.024],[1.0,1.0,1.0,1]],
["s",0.2,[10.384,1.637,-3.526],[1.0,1.0,1.0,1]],
["s",0.2,[10.563,2.294,-1.888],[1.0,1.0,1.0,1]],
["s",0.2,[7.005,0.847,4.819],[0.529,0.808,0.922,1]],
["s",0.2,[6.907,-0.169,5.207],[1.0,1.0,1.0,1]],
["s",0.2,[6.463,1.511,5.501],[1.0,1.0,1.0,1]],
["s",0.2,[8.06,1.126,4.831],[1.0,1.0,1.0,1]],
["s",0.2,[4.969,0.417,3.405],[0.529,0.808,0.922,1]],
["s",0.2,[4.508,0.52,2.419],[1.0,1.0,1.0,1]],
["s",0.2,[4.365,0.972,4.13],[1.0,1.0,1.0,1]],
["s",0.2,[4.929,-0.638,3.68],[1.0,1.0,1.0,1]],
["s",0.2,[6.347,2.451,3.009],[0.529,0.808,0.922,1]],
["s",0.2,[5.981,2.572,1.984],[1.0,1.0,1.0,1]],
["s",0.2,[7.322,2.938,3.092],[1.0,1.0,1.0,1]],
["s",0.2,[5.654,2.979,3.673],[1.0,1.0,1.0,1]],
["s",0.2,[8.005,-2.251,1.732],[1.0,1.0,1.0,1]],
["s",0.2,[9.119,-1.415,2.824],[1.0,1.0,1.0,1]],
["s",0.2,[7.533,-1.932,3.416],[1.0,1.0,1.0,1]],
["c",0.2,1.015,[[0.984,-0.175,-0.017,7.665],[0.175,0.965,0.196,2.217],[-0.017,-0.196,0.981,-0.849]],[1.0,0.502,0.0,1]],
["c",0.2,0.822,[[0.125,0.175,-0.976,7.504],[-0.175,-0.965,-0.196,3.103],[-0.976,0.196,-0.09,-1.029]],[0.529,0.808,0.922,1]],
["c",0.2,1.041,[[0.583,0.53,0.615,8.03],[-0.53,-0.326,0.783,1.558],[0.615,-0.783,0.091,-1.158]],[1.0,0.502,0.0,1]],
["c",0.2,0.842,[[0.788,-0.53,0.313,8.529],[0.53,0.326,-0.783,1.251],[0.313,0.783,0.538,-1.895]],[0.529,0.808,0.922,1]],
["c",0.2,1.031,[[0.589,0.673,-0.448,8.101],[-0.673,0.101,-0.733,1.779],[-0.448,0.733,0.512,-0.372]],[1.0,0.502,0.0,1]],
["c",0.2,0.835,[[0.497,-0.673,-0.548,8.729],[0.673,-0.101,0.733,1.873],[-0.548,-0.733,0.402,0.312]],[0.529,0.808,0.922,1]],
["c",0.2,1.011,[[-0.248,0.386,-0.889,7.549],[-0.386,-0.88,-0.275,-0.356],[-0.889,0.275,0.367,2.183]],[1.0,0.502,0.0,1]],
["c",0.2,0.819,[[0.921,-0.386,-0.057,7.903],[0.386,0.88,0.275,-1.162],[-0.057,-0.275,0.96,2.435]],[0.529,0.808,0.922,1]],
["c",0.2,1.043,[[0.827,-0.504,0.25,7.091],[0.504,0.466,-0.727,0.332],[0.25,0.727,0.639,2.424]],[1.0,0.502,0.0,1]],
["c",0.2,0.844,[[0.525,0.504,0.686,6.616],[-0.504,-0.466,0.727,0.772],[0.686,-0.727,0.009,3.11]],[0.529,0.808,0.922,1]],
["c",0.2,1.028,[[0.591,0.805,0.055,7.768],[-0.805,0.584,0.108,0.389],[0.055,-0.108,0.993,1.989]],[1.0,0.502,0.0,1]],
["c",0.2,0.832,[[-0.556,-0.805,0.208,8.516],[0.805,-0.584,-0.108,0.932],[0.208,0.108,0.972,1.889]],[0.529,0.808,0.922,1]],
["c",0.2,0.687,[[0.519,0.854,0.039,7.725],[-0.854,0.516,0.069,3.676],[0.039,-0.069,0.997,-1.133]],[0.529,0.808,0.922,1]],
["c",0.2,0.404,[[-0.506,-0.854,0.122,8.191],[0.854,-0.516,-0.069,3.958],[0.122,0.069,0.99,-1.171]],[1.0,1.0,1.0,1]],
["c",0.2,0.687,[[0.774,-0.558,0.298,7.24],[0.558,0.382,-0.737,3.63],[0.298,0.737,0.607,-0.856]],[0.529,0.808,0.922,1]],
["c",0.2,0.404,[[0.496,0.558,0.665,6.936],[-0.558,-0.382,0.737,3.838],[0.665,-0.737,0.122,-0.454]],[1.0,1.0,1.0,1]],
["c",0.2,0.687,[[0.751,-0.517,-0.411,7.254],[0.517,0.074,0.853,3.524],[-0.411,-0.853,0.323,-1.403]],[0.529,0.808,0.922,1]],
["c",0.2,0.404,[[0.711,0.517,-0.476,6.972],[-0.517,-0.074,-0.853,3.564],[-0.476,0.853,0.215,-1.868]],[1.0,1.0,1.0,1]],
["c",0.2,1.534,[[-0.328,0.397,-0.857,9.057],[-0.397,-0.881,-0.257,0.438],[-0.857,0.257,0.446,-2.027]],[0.529,0.808,0.922,1]],
["c",0.2,1.537,[[0.494,-0.657,-0.569,8.247],[0.657,-0.146,0.74,1.002],[-0.569,-0.74,0.359,-2.793]],[0.529,0.808,0.922,1]],
["c",0.2,1.531,[[0.687,0.714,0.131,9.299],[-0.714,0.633,0.299,1.598],[0.131,-0.299,0.945,-2.453]],[0.529,0.808,0.922,1]],
["c",0.2,0.69,[[0.992,-0.051,-0.113,8.044],[0.051,-0.665,0.745,-1.752],[-0.113,-0.745,-0.658,2.291]],[0.529,0.808,0.922,1]],
["c",0.2,0.406,[[0.998,0.051,-0.023,8.016],[-0.051,0.665,-0.745,-2.116],[-0.023,0.745,0.667,1.883]],[1.0,1.0,1.0,1]],
["c",0.2,0.692,[[0.156,0.963,-0.221,8.394],[-0.963,0.098,-0.252,-1.488],[-0.221,0.252,0.942,2.635]],[0.529,0.808,0.922,1]],
["c",0.2,0.407,[[-0.028,-0.963,-0.268,8.923],[0.963,-0.098,0.252,-1.435],[-0.268,-0.252,0.93,2.773]],[1.0,1.0,1.0,1]],
["c",0.2,0.69,[[0.629,-0.482,0.61,7.895],[0.482,-0.374,-0.792,-1.651],[0.61,0.792,-0.003,2.821]],[0.529,0.808,0.922,1]],
["c",0.2,0.406,[[0.831,0.482,0.278,7.631],[-0.482,0.374,0.792,-1.856],[0.278,-0.792,0.543,3.255]],[1.0,1.0,1.0,1]],
["c",0.2,1.53,[[0.832,0.393,-0.391,6.704],[-0.393,-0.079,-0.916,0.908],[-0.391,0.916,0.088,4.118]],[0.529,0.808,0.922,1]],
["c",0.2,1.537,[[-0.359,-0.933,-0.012,5.686],[0.933,-0.359,0.008,0.693],[-0.012,-0.008,1.0,3.411]],[0.529,0.808,0.922,1]],
["c",0.2,1.539,[[0.999,-0.037,-0.005,6.375],[0.037,0.963,0.265,1.71],[-0.005,-0.265,0.964,3.213]],[0.529,0.808,0.922,1]],
["c",0.2,1.441,[[0.992,0.11,0.062,8.93],[-0.11,0.514,0.851,1.546],[0.062,-0.851,0.522,1.231]],[0.529,0.808,0.922,1]],
["c",0.2,0.671,[[0.629,0.643,-0.438,9.067],[-0.643,0.112,-0.758,1.213],[-0.438,0.758,0.484,2.098]],[0.529,0.808,0.922,1]],
["c",0.2,0.641,[[0.535,-0.643,-0.549,9.488],[0.643,-0.112,0.758,1.287],[-0.549,-0.758,0.353,2.595]],[0.188,0.314,0.973,1]],
["c",0.2,0.67,[[0.663,0.747,0.053,9.26],[-0.747,0.654,0.118,2.135],[0.053,-0.118,0.992,0.578]],[0.529,0.808,0.922,1]],
["c",0.2,0.64,[[-0.615,-0.747,0.254,9.749],[0.747,-0.654,-0.118,2.564],[0.254,0.118,0.96,0.501]],[0.188,0.314,0.973,1]],
["c",0.2,0.663,[[0.616,0.653,-0.44,10.205],[-0.653,0.111,-0.749,2.81],[-0.44,0.749,0.495,0.712]],[0.188,0.314,0.973,1]],
["c",0.2,0.694,[[0.521,-0.653,-0.55,10.648],[0.653,-0.111,0.749,2.885],[-0.55,-0.749,0.369,1.22]],[0.529,0.808,0.922,1]],
["c",0.2,0.663,[[0.644,0.763,0.055,9.947],[-0.763,0.636,0.119,1.533],[0.055,-0.119,0.991,2.799]],[0.188,0.314,0.973,1]],
["c",0.2,0.694,[[-0.597,-0.763,0.249,10.464],[0.763,-0.636,-0.119,1.964],[0.249,0.119,0.961,2.718]],[0.529,0.808,0.922,1]],
["c",0.2,1.414,[[0.993,0.103,0.057,10.802],[-0.103,0.522,0.847,2.554],[0.057,-0.847,0.529,2.078]],[0.529,0.808,0.922,1]],
["c",0.2,1.415,[[0.611,0.661,-0.435,11.197],[-0.661,0.124,-0.74,2.272],[-0.435,0.74,0.512,3.201]],[0.529,0.808,0.922,1]],
["c",0.2,1.415,[[0.648,0.761,0.044,11.412],[-0.761,0.642,0.096,3.378],[0.044,-0.096,0.994,1.412]],[0.529,0.808,0.922,1]],
["c",0.2,0.682,[[0.996,0.079,0.045,11.978],[-0.079,0.512,0.855,4.007],[0.045,-0.855,0.516,1.053]],[0.529,0.808,0.922,1]],
["c",0.2,0.401,[[0.987,-0.079,0.139,12.021],[0.079,-0.512,-0.855,4.284],[0.139,0.855,-0.499,0.589]],[1.0,1.0,1.0,1]],
["c",0.2,1.367,[[0.616,0.653,-0.441,12.397],[-0.653,0.109,-0.75,3.907],[-0.441,0.75,0.494,1.857]],[0.529,0.808,0.922,1]],
["c",0.2,1.367,[[0.652,0.757,0.053,12.182],[-0.757,0.644,0.114,2.8],[0.053,-0.114,0.992,3.646]],[0.529,0.808,0.922,1]],
["c",0.2,0.682,[[0.967,-0.124,0.222,11.622],[0.124,-0.533,-0.837,2.178],[0.222,0.837,-0.5,4.01]],[0.529,0.808,0.922,1]],
["c",0.2,0.401,[[0.99,0.124,0.068,11.555],[-0.124,0.533,0.837,1.89],[0.068,-0.837,0.543,4.463]],[1.0,1.0,1.0,1]],
["c",0.2,0.682,[[0.644,0.764,0.043,13.104],[-0.764,0.639,0.091,4.2],[0.043,-0.091,0.995,2.338]],[0.529,0.808,0.922,1]],
["c",0.2,0.401,[[-0.616,-0.764,0.193,13.518],[0.764,-0.639,-0.091,4.546],[0.193,0.091,0.977,2.289]],[1.0,1.0,1.0,1]],
["c",0.2,1.416,[[0.978,-0.102,0.181,12.771],[0.102,-0.524,-0.846,3.611],[0.181,0.846,-0.502,2.969]],[0.529,0.808,0.922,1]],
["c",0.2,0.682,[[0.607,0.665,-0.435,12.926],[-0.665,0.125,-0.736,3.283],[-0.435,0.736,0.518,3.819]],[0.529,0.808,0.922,1]],
["c",0.2,0.401,[[0.495,-0.665,-0.56,13.286],[0.665,-0.125,0.736,3.35],[-0.56,-0.736,0.38,4.218]],[1.0,1.0,1.0,1]],
["c",0.2,0.69,[[0.596,0.503,0.626,9.535],[-0.503,-0.374,0.779,-0.367],[0.626,-0.779,0.031,-2.099]],[0.529,0.808,0.922,1]],
["c",0.2,0.406,[[0.816,-0.503,0.286,9.811],[0.503,0.374,-0.779,-0.571],[0.286,0.779,0.558,-2.526]],[1.0,1.0,1.0,1]],
["c",0.2,0.689,[[-0.482,-0.709,0.514,9.118],[0.709,-0.661,-0.246,-0.465],[0.514,0.246,0.821,-1.746]],[0.529,0.808,0.922,1]],
["c",0.2,0.405,[[0.697,0.709,0.105,8.73],[-0.709,0.661,0.246,-0.827],[0.105,-0.246,0.964,-1.611]],[1.0,1.0,1.0,1]],
["c",0.2,0.689,[[0.619,0.645,-0.449,9.584],[-0.645,0.091,-0.759,-0.207],[-0.449,0.759,0.472,-1.569]],[0.529,0.808,0.922,1]],
["c",0.2,0.405,[[0.542,-0.645,-0.538,9.937],[0.645,-0.091,0.759,-0.157],[-0.538,-0.759,0.367,-1.154]],[1.0,1.0,1.0,1]],
["c",0.2,0.688,[[-0.444,-0.707,0.551,7.5],[0.707,-0.654,-0.27,0.664],[0.551,0.27,0.79,-3.268]],[0.529,0.808,0.922,1]],
["c",0.2,0.404,[[0.698,0.707,0.115,7.114],[-0.707,0.654,0.27,0.307],[0.115,-0.27,0.956,-3.121]],[1.0,1.0,1.0,1]],
["c",0.2,0.69,[[0.632,0.482,0.607,7.909],[-0.482,-0.368,0.795,0.762],[0.607,-0.795,-0.0,-3.635]],[0.529,0.808,0.922,1]],
["c",0.2,0.406,[[0.83,-0.482,0.28,8.173],[0.482,0.368,-0.795,0.561],[0.28,0.795,0.538,-4.07]],[1.0,1.0,1.0,1]],
["c",0.2,0.689,[[0.896,-0.44,-0.068,7.591],[0.44,0.852,0.285,1.183],[-0.068,-0.285,0.956,-3.459]],[0.529,0.808,0.922,1]],
["c",0.2,0.405,[[-0.305,0.44,-0.845,7.351],[-0.44,-0.852,-0.285,1.649],[-0.845,0.285,0.453,-3.615]],[1.0,1.0,1.0,1]],
["c",0.2,0.688,[[0.922,-0.383,-0.064,9.714],[0.383,0.869,0.313,2.381],[-0.064,-0.313,0.948,-2.79]],[0.529,0.808,0.922,1]],
["c",0.2,0.405,[[-0.121,0.383,-0.916,9.505],[-0.383,-0.869,-0.313,2.857],[-0.916,0.313,0.252,-2.96]],[1.0,1.0,1.0,1]],
["c",0.2,0.69,[[0.593,0.491,0.638,10.015],[-0.491,-0.406,0.77,1.942],[0.638,-0.77,0.001,-2.948]],[0.529,0.808,0.922,1]],
["c",0.2,0.406,[[0.828,-0.491,0.269,10.284],[0.491,0.406,-0.77,1.72],[0.269,0.77,0.578,-3.37]],[1.0,1.0,1.0,1]],
["c",0.2,0.687,[[0.638,0.658,-0.401,10.071],[-0.658,0.194,-0.728,2.149],[-0.401,0.728,0.556,-2.432]],[0.529,0.808,0.922,1]],
["c",0.2,0.404,[[0.463,-0.658,-0.594,10.43],[0.658,-0.194,0.728,2.255],[-0.594,-0.728,0.342,-2.035]],[1.0,1.0,1.0,1]],
["c",0.2,0.688,[[0.885,-0.089,0.457,6.974],[0.089,-0.93,-0.355,0.527],[0.457,0.355,-0.815,4.941]],[0.529,0.808,0.922,1]],
["c",0.2,0.404,[[0.996,0.089,0.016,6.925],[-0.089,0.93,0.355,0.019],[0.016,-0.355,0.935,5.135]],[1.0,1.0,1.0,1]],
["c",0.2,0.69,[[0.848,-0.494,0.192,6.834],[0.494,0.606,-0.623,1.056],[0.192,0.623,0.758,5.033]],[0.529,0.808,0.922,1]],
["c",0.2,0.406,[[0.379,0.494,0.782,6.563],[-0.494,-0.606,0.623,1.388],[0.782,-0.623,0.015,5.375]],[1.0,1.0,1.0,1]],
["c",0.2,0.687,[[0.256,0.967,-0.009,7.337],[-0.967,0.256,-0.011,0.935],[-0.009,0.011,1.0,4.822]],[0.529,0.808,0.922,1]],
["c",0.2,0.404,[[-0.256,-0.967,-0.015,7.865],[0.967,-0.256,0.011,1.075],[-0.015,-0.011,1.0,4.829]],[1.0,1.0,1.0,1]],
["c",0.2,0.688,[[0.838,-0.422,-0.347,4.824],[0.422,0.095,0.902,0.449],[-0.347,-0.902,0.257,3.094]],[0.529,0.808,0.922,1]],
["c",0.2,0.405,[[0.804,0.422,-0.42,4.593],[-0.422,-0.095,-0.902,0.501],[-0.42,0.902,0.102,2.601]],[1.0,1.0,1.0,1]],
["c",0.2,0.69,[[0.798,-0.552,0.242,4.779],[0.552,0.507,-0.662,0.592],[0.242,0.662,0.709,3.633]],[0.529,0.808,0.922,1]],
["c",0.2,0.406,[[0.382,0.552,0.741,4.477],[-0.552,-0.507,0.662,0.869],[0.741,-0.662,0.11,3.996]],[1.0,1.0,1.0,1]],
["c",0.2,0.687,[[0.959,-0.037,0.283,4.956],[0.037,-0.967,-0.252,0.084],[0.283,0.252,-0.926,3.491]],[0.529,0.808,0.922,1]],
["c",0.2,0.404,[[0.999,0.037,0.005,4.936],[-0.037,0.967,0.252,-0.443],[0.005,-0.252,0.968,3.629]],[1.0,1.0,1.0,1]],
["c",0.2,0.689,[[0.899,-0.334,-0.282,6.232],[0.334,0.11,0.936,2.489],[-0.282,-0.936,0.211,2.686]],[0.529,0.808,0.922,1]],
["c",0.2,0.405,[[0.874,0.334,-0.352,6.049],[-0.334,-0.11,-0.936,2.55],[-0.352,0.936,0.016,2.174]],[1.0,1.0,1.0,1]],
["c",0.2,0.688,[[0.449,0.892,-0.047,6.654],[-0.892,0.445,-0.076,2.605],[-0.047,0.076,0.996,3.035]],[0.529,0.808,0.922,1]],
["c",0.2,0.405,[[-0.435,-0.892,-0.122,7.141],[0.892,-0.445,0.076,2.848],[-0.122,-0.076,0.99,3.076]],[1.0,1.0,1.0,1]],
["c",0.2,0.689,[[0.73,-0.633,0.259,6.129],[0.633,0.482,-0.606,2.617],[0.259,0.606,0.752,3.218]],[0.529,0.808,0.922,1]],
["c",0.2,0.405,[[0.228,0.633,0.74,5.782],[-0.633,-0.482,0.606,2.881],[0.74,-0.606,0.291,3.55]],[1.0,1.0,1.0,1]],
["s",0.2,[20.371,0.376,1.561],[1.0,0.502,0.0,1]],
["s",0.2,[20.818,2.21,-1.567],[1.0,0.502,0.0,1]],
["s",0.2,[20.888,4.879,0.756],[0.867,0.627,0.867,1]],
["s",0.2,[20.128,4.475,1.832],[0.867,0.627,0.867,1]],
["s",0.2,[20.707,3.181,2.322],[0.867,0.627,0.867,1]],
["s",0.2,[21.985,3.871,0.617],[0.867,0.627,0.867,1]],
["s",0.2,[21.442,2.536,0.108],[0.867,0.627,0.867,1]],
["s",0.2,[20.409,2.165,1.206],[0.867,0.627,0.867,1]],
["s",0.2,[22.182,3.484,2.099],[0.867,0.627,0.867,1]],
["s",0.2,[20.308,2.926,3.321],[1.0,1.0,1.0,1]],
["s",0.2,[22.853,2.608,2.269],[1.0,1.0,1.0,1]],
["s",0.2,[22.546,4.323,2.733],[1.0,1.0,1.0,1]],
["s",0.2,[22.88,4.224,0.074],[1.0,1.0,1.0,1]],
["s",0.2,[19.304,5.021,2.268],[1.0,1.0,1.0,1]],
["s",0.2,[20.772,5.807,0.22],[1.0,1.0,1.0,1]],
["s",0.2,[19.366,2.375,0.863],[1.0,1.0,1.0,1]],
["s",0.2,[22.307,1.84,0.166],[1.0,1.0,1.0,1]],
["s",0.2,[21.155,0.392,3.275],[0.867,0.627,0.867,1]],
["s",0.2,[19.015,-0.708,1.781],[0.867,0.627,0.867,1]],
["s",0.2,[21.866,3.51,-2.358],[0.867,0.627,0.867,1]],
["s",0.2,[20.531,1.078,-2.856],[0.867,0.627,0.867,1]],
["s",0.2,[22.527,0.1,3.6],[0.867,0.627,0.867,1]],
["s",0.2,[20.305,0.604,4.384],[0.867,0.627,0.867,1]],
["s",0.2,[20.76,0.571,5.717],[0.867,0.627,0.867,1]],
["s",0.2,[22.97,0.073,4.96],[0.867,0.627,0.867,1]],
["s",0.2,[22.088,0.311,6.012],[0.867,0.627,0.867,1]],
["s",0.2,[20.081,0.74,6.548],[1.0,1.0,1.0,1]],
["s",0.2,[22.424,0.282,7.059],[1.0,1.0,1.0,1]],
["s",0.2,[23.28,-0.117,2.855],[1.0,1.0,1.0,1]],
["s",0.2,[23.999,-0.139,5.237],[1.0,1.0,1.0,1]],
["s",0.2,[19.257,0.796,4.238],[1.0,1.0,1.0,1]],
["s",0.2,[19.225,-2.02,2.203],[0.867,0.627,0.867,1]],
["s",0.2,[17.74,-0.203,1.568],[0.867,0.627,0.867,1]],
["s",0.2,[18.124,-2.843,2.417],[0.867,0.627,0.867,1]],
["s",0.2,[16.644,-1.022,1.772],[0.867,0.627,0.867,1]],
["s",0.2,[16.832,-2.346,2.189],[0.867,0.627,0.867,1]],
["s",0.2,[18.274,-3.856,2.768],[1.0,1.0,1.0,1]],
["s",0.2,[15.976,-2.979,2.34],[1.0,1.0,1.0,1]],
["s",0.2,[15.66,-0.61,1.613],[1.0,1.0,1.0,1]],
["s",0.2,[17.605,0.827,1.256],[1.0,1.0,1.0,1]],
["s",0.2,[20.23,-2.388,2.389],[1.0,1.0,1.0,1]],
["s",0.2,[21.548,4.841,-2.789],[0.867,0.627,0.867,1]],
["s",0.2,[23.128,3.01,-2.689],[0.867,0.627,0.867,1]],
["s",0.2,[24.059,3.747,-3.41],[0.867,0.627,0.867,1]],
["s",0.2,[22.517,5.588,-3.519],[0.867,0.627,0.867,1]],
["s",0.2,[23.763,5.033,-3.831],[0.867,0.627,0.867,1]],
["s",0.2,[23.385,2.001,-2.411],[1.0,1.0,1.0,1]],
["s",0.2,[25.011,3.303,-3.662],[1.0,1.0,1.0,1]],
["s",0.2,[20.587,5.316,-2.623],[1.0,1.0,1.0,1]],
["s",0.2,[22.326,6.592,-3.883],[1.0,1.0,1.0,1]],
["s",0.2,[24.501,5.582,-4.416],[1.0,1.0,1.0,1]],
["s",0.2,[19.92,1.321,-4.082],[0.867,0.627,0.867,1]],
["s",0.2,[20.951,-0.193,-2.474],[0.867,0.627,0.867,1]],
["s",0.2,[19.695,0.22,-4.918],[0.867,0.627,0.867,1]],
["s",0.2,[20.707,-1.272,-3.276],[0.867,0.627,0.867,1]],
["s",0.2,[20.073,-1.075,-4.501],[0.867,0.627,0.867,1]],
["s",0.2,[19.855,-1.935,-5.102],[1.0,1.0,1.0,1]],
["s",0.2,[20.979,-2.247,-2.895],[1.0,1.0,1.0,1]],
["s",0.2,[19.187,0.363,-5.859],[1.0,1.0,1.0,1]],
["s",0.2,[19.601,2.322,-4.36],[1.0,1.0,1.0,1]],
["s",0.2,[21.423,-0.352,-1.504],[1.0,1.0,1.0,1]],
["c",0.2,1.008,[[1.0,0.021,0.002,20.381],[-0.021,0.981,0.195,0.87],[0.002,-0.195,0.981,1.463]],[1.0,0.502,0.0,1]],
["c",0.2,0.816,[[0.977,-0.021,0.213,20.401],[0.021,-0.981,-0.195,1.765],[0.213,0.195,-0.957,1.285]],[0.867,0.627,0.867,1]],
["c",0.2,1.042,[[0.828,0.416,-0.375,20.587],[-0.416,0.008,-0.909,0.38],[-0.375,0.909,0.18,2.034]],[1.0,0.502,0.0,1]],
["c",0.2,0.843,[[0.825,-0.416,-0.382,20.98],[0.416,-0.008,0.909,0.388],[-0.382,-0.909,0.166,2.891]],[0.867,0.627,0.867,1]],
["c",0.2,0.967,[[-0.578,-0.775,0.256,19.996],[0.775,-0.619,-0.126,0.076],[0.256,0.126,0.958,1.621]],[1.0,0.502,0.0,1]],
["c",0.2,0.783,[[0.629,0.775,0.06,19.318],[-0.775,0.619,0.126,-0.465],[0.06,-0.126,0.99,1.732]],[0.867,0.627,0.867,1]],
["c",0.2,1.004,[[0.9,0.343,-0.268,20.991],[-0.343,0.18,-0.922,2.3],[-0.268,0.922,0.28,-1.104]],[1.0,0.502,0.0,1]],
["c",0.2,0.813,[[0.856,-0.343,-0.386,21.303],[0.343,-0.18,0.922,2.463],[-0.386,-0.922,-0.036,-0.267]],[0.867,0.627,0.867,1]],
["c",0.2,1.021,[[0.811,0.567,0.142,21.108],[-0.567,0.704,0.428,2.569],[0.142,-0.428,0.893,-1.786]],[1.0,0.502,0.0,1]],
["c",0.2,0.827,[[-0.085,-0.567,0.819,21.632],[0.567,-0.704,-0.428,3.219],[0.819,0.428,0.382,-2.181]],[0.867,0.627,0.867,1]],
["c",0.2,0.961,[[0.922,-0.165,-0.351,20.739],[0.165,-0.651,0.741,1.897],[-0.351,-0.741,-0.573,-1.923]],[1.0,0.502,0.0,1]],
["c",0.2,0.778,[[0.983,0.165,-0.074,20.595],[-0.165,0.651,-0.741,1.331],[-0.074,0.741,0.668,-2.568]],[0.867,0.627,0.867,1]],
["c",0.2,1.378,[[0.569,-0.552,0.609,20.508],[0.552,-0.293,-0.781,4.677],[0.609,0.781,0.137,1.294]],[0.867,0.627,0.867,1]],
